name,date,collected_at,left_days,is_jannies,available,price_per_deal,unit,price_per_unit,after,after_and_js_jannies,artistname
HiHi Jets ジャニーズ銀座2019 Tokyo Experience,2019-05-22,2019-05-19,3,1,0,160000,2,80000.0,0,0,ジャニーズJr
美 少年 少年忍者 パパママ一番 裸の少年 夏祭り!,2019-07-18,2019-07-13,5,1,1,15000,2,7500.0,1,1,ジャニーズJr
美 少年 少年忍者 パパママ一番 裸の少年 夏祭り!,2019-08-01,2019-07-29,3,1,1,30000,1,30000.0,1,1,ジャニーズJr
音楽劇 トムとジェリー 夢よもう一度,2019-08-03,2019-08-03,0,1,0,6800,2,3400.0,1,1,ジャニーズJr
ミュージカル ドン・ジュアン,2019-09-02,2019-08-04,29,1,1,40000,1,40000.0,1,1,キスマイフットツー
美 少年 少年忍者 パパママ一番 裸の少年 夏祭り!,2019-07-18,2019-06-28,20,1,1,60000,4,15000.0,1,1,ジャニーズJr
Kis-My-Ft2 キスマイフットツー LIVE TOUR 2019 FREE HUGS!,2019-06-16,2019-06-16,0,1,0,11500,2,5750.0,1,1,キスマイフットツー
Kis-My-Ft2 キスマイフットツー LIVE TOUR 2019 FREE HUGS!,2019-06-15,2019-06-03,12,1,1,34000,2,17000.0,0,0,キスマイフットツー
美 少年 少年忍者 パパママ一番 裸の少年 夏祭り!,2019-07-18,2019-06-18,30,1,1,24000,2,12000.0,1,1,ジャニーズJr
美 少年 少年忍者 パパママ一番 裸の少年 夏祭り!,2019-07-30,2019-07-28,2,1,0,48000,1,48000.0,1,1,ジャニーズJr
Kis-My-Ft2 キスマイフットツー LIVE TOUR 2019 FREE HUGS!,2019-07-12,2019-07-12,0,1,1,9500,2,4750.0,1,1,キスマイフットツー
美 少年 少年忍者 パパママ一番 裸の少年 夏祭り!,2019-07-19,2019-07-18,1,1,0,30000,1,30000.0,1,1,ジャニーズJr
山田ジャパン HEY！ポール！,2019-07-18,2019-07-17,1,1,0,13000,1,13000.0,1,1,ジャニーズJr
美 少年 少年忍者 パパママ一番 裸の少年 夏祭り!,2019-07-19,2019-06-24,25,1,1,13000,2,6500.0,1,1,ジャニーズJr
HiHi Jets ジャニーズ銀座2019 Tokyo Experience,2019-05-22,2019-05-19,3,1,1,60000,1,60000.0,0,0,ジャニーズJr
美 少年 少年忍者 パパママ一番 裸の少年 夏祭り!,2019-07-19,2019-07-15,4,1,1,12000,1,12000.0,1,1,ジャニーズJr
Kis-My-Ft2 キスマイフットツー LIVE TOUR 2019 FREE HUGS!,2019-06-15,2019-06-14,1,1,0,23000,1,23000.0,1,1,キスマイフットツー
HAMLET ハムレット,2019-10-09,2019-06-23,108,1,1,45000,2,22500.0,1,1,セクシーゾーン
Kis-My-Ft2 キスマイフットツー LIVE TOUR 2019 FREE HUGS!,2019-06-23,2019-06-21,2,1,0,8000,2,4000.0,1,1,キスマイフットツー
ミュージカル ドン・ジュアン,2019-08-31,2019-08-10,21,1,1,38000,1,38000.0,1,1,キスマイフットツー
NEWS ニュース LIVE TOUR 2019 WORLDISTA,2019-05-25,2019-05-24,1,1,0,6000,2,3000.0,0,0,NEWS
Kis-My-Ft2 キスマイフットツー LIVE TOUR 2019 FREE HUGS!,2019-06-22,2019-06-20,2,1,0,10000,1,10000.0,1,1,キスマイフットツー
美 少年 少年忍者 パパママ一番 裸の少年 夏祭り!,2019-07-19,2019-07-17,2,1,1,9000,2,4500.0,1,1,ジャニーズJr
美 少年 少年忍者 パパママ一番 裸の少年 夏祭り!,2019-07-20,2019-07-19,1,1,1,68000,1,68000.0,1,1,ジャニーズJr
美 少年 少年忍者 パパママ一番 裸の少年 夏祭り!,2019-08-01,2019-08-01,0,1,0,22000,1,22000.0,1,1,ジャニーズJr
HiHi Jets ７ MEN 侍 パパママ一番 裸の少年 夏祭り! オープンライブ,2019-07-20,2019-06-30,20,1,1,12000,2,6000.0,1,1,ジャニーズJr
美 少年 少年忍者 パパママ一番 裸の少年 夏祭り!,2019-07-19,2019-07-14,5,1,0,9000,2,4500.0,1,1,ジャニーズJr
舞台 GOOD PEOPLE,2019-07-24,2019-07-23,1,1,1,6000,1,6000.0,1,1,ジャニーズJr
美 少年 少年忍者 パパママ一番 裸の少年 夏祭り!,2019-07-19,2019-06-28,21,1,1,20000,1,20000.0,1,1,ジャニーズJr
HiHi Jets ジャニーズ銀座2019 Tokyo Experience,2019-05-24,2019-05-19,5,1,1,220000,1,220000.0,0,0,ジャニーズJr
NEWS ニュース LIVE TOUR 2019 WORLDISTA,2019-05-25,2019-05-23,2,1,1,12000,2,6000.0,0,0,NEWS
美 少年 少年忍者 パパママ一番 裸の少年 夏祭り!,2019-07-19,2019-06-22,27,1,1,20000,1,20000.0,1,1,ジャニーズJr
Kis-My-Ft2 キスマイフットツー LIVE TOUR 2019 FREE HUGS!,2019-07-12,2019-07-02,10,1,1,20000,4,5000.0,1,1,キスマイフットツー
美 少年 少年忍者 パパママ一番 裸の少年 夏祭り!,2019-07-18,2019-07-10,8,1,1,20000,2,10000.0,1,1,ジャニーズJr
美 少年 少年忍者 パパママ一番 裸の少年 夏祭り!,2019-08-02,2019-07-31,2,1,0,30000,2,15000.0,1,1,ジャニーズJr
HiHi Jets ジャニーズ銀座2019 Tokyo Experience,2019-05-22,2019-05-22,0,1,1,66000,1,66000.0,0,0,ジャニーズJr
ジャニーズJr. ジャニーズ IsLAND Festival,2019-05-25,2019-05-23,2,1,1,60000,1,60000.0,0,0,ジャニーズJr
Kis-My-Ft2 キスマイフットツー LIVE TOUR 2019 FREE HUGS!,2019-06-22,2019-06-22,0,1,0,17000,2,8500.0,1,1,キスマイフットツー
美 少年 少年忍者 パパママ一番 裸の少年 夏祭り!,2019-07-24,2019-07-23,1,1,0,16000,1,16000.0,1,1,ジャニーズJr
Kis-My-Ft2 キスマイフットツー LIVE TOUR 2019 FREE HUGS!,2019-07-12,2019-07-06,6,1,0,18500,2,9250.0,1,1,キスマイフットツー
Kis-My-Ft2 キスマイフットツー LIVE TOUR 2019 FREE HUGS!,2019-06-15,2019-06-04,11,1,0,29000,1,29000.0,0,0,キスマイフットツー
Sexy Zone セクシーゾーン LIVE TOUR 2019 PAGES,2019-05-19,2019-05-19,0,1,0,25000,2,12500.0,0,0,セクシーゾーン
音楽劇 トムとジェリー 夢よもう一度,2019-08-03,2019-08-02,1,1,1,5000,2,2500.0,1,1,ジャニーズJr
美 少年 少年忍者 パパママ一番 裸の少年 夏祭り!,2019-08-02,2019-08-02,0,1,1,68000,2,34000.0,1,1,ジャニーズJr
NEWS ニュース LIVE TOUR 2019 WORLDISTA,2019-05-25,2019-05-23,2,1,1,10000,2,5000.0,0,0,NEWS
映画 パラレルワールド・ラブストーリー 4大都市舞台挨拶,2019-06-10,2019-06-07,3,1,1,8000,1,8000.0,0,0,キスマイフットツー
HiHi Jets ７ MEN 侍 パパママ一番 裸の少年 夏祭り!,2019-08-05,2019-08-05,0,1,0,120000,2,60000.0,1,1,ジャニーズJr
美 少年 少年忍者 パパママ一番 裸の少年 夏祭り!,2019-08-02,2019-08-01,1,1,0,49000,1,49000.0,1,1,ジャニーズJr
美 少年 少年忍者 パパママ一番 裸の少年 夏祭り!,2019-07-18,2019-07-12,6,1,1,35000,2,17500.0,1,1,ジャニーズJr
Kis-My-Ft2 キスマイフットツー LIVE TOUR 2019 FREE HUGS!,2019-07-12,2019-07-11,1,1,0,10000,2,5000.0,1,1,キスマイフットツー
美 少年 少年忍者 パパママ一番 裸の少年 夏祭り!,2019-07-18,2019-07-12,6,1,0,150000,1,150000.0,1,1,ジャニーズJr
Kis-My-Ft2 キスマイフットツー LIVE TOUR 2019 FREE HUGS!,2019-06-15,2019-06-13,2,1,0,18000,2,9000.0,0,0,キスマイフットツー
ザ少年倶楽部（少クラ）,2019-05-20,2019-05-17,3,1,1,68000,2,34000.0,0,0,ジャニーズJr
HiHi Jets ジャニーズ銀座2019 Tokyo Experience,2019-05-25,2019-05-22,3,1,1,140000,1,140000.0,0,0,ジャニーズJr
美 少年 少年忍者 パパママ一番 裸の少年 夏祭り!,2019-07-24,2019-07-22,2,1,1,18000,2,9000.0,1,1,ジャニーズJr
美 少年 少年忍者 パパママ一番 裸の少年 夏祭り!,2019-07-18,2019-07-11,7,1,0,250000,1,250000.0,1,1,ジャニーズJr
ジャニーズJr. ジャニーズ IsLAND Festival,2019-05-25,2019-05-21,4,1,0,32000,2,16000.0,0,0,ジャニーズJr
ミュージカル ドン・ジュアン,2019-08-31,2019-07-20,42,1,1,45000,2,22500.0,1,1,キスマイフットツー
HiHi Jets ７ MEN 侍 パパママ一番 裸の少年 夏祭り!,2019-08-13,2019-08-11,2,1,0,20000,2,10000.0,1,1,ジャニーズJr
美 少年 少年忍者 パパママ一番 裸の少年 夏祭り!,2019-07-18,2019-07-12,6,1,0,53000,1,53000.0,1,1,ジャニーズJr
Kis-My-Ft2 キスマイフットツー LIVE TOUR 2019 FREE HUGS!,2019-07-12,2019-07-10,2,1,1,18000,2,9000.0,1,1,キスマイフットツー
Kis-My-Ft2 キスマイフットツー LIVE TOUR 2019 FREE HUGS!,2019-06-15,2019-06-11,4,1,1,29500,2,14750.0,0,0,キスマイフットツー
美 少年 少年忍者 パパママ一番 裸の少年 夏祭り!,2019-07-18,2019-07-16,2,1,0,13000,2,6500.0,1,1,ジャニーズJr
HiHi Jets ７ MEN 侍 パパママ一番 裸の少年 夏祭り! オープンライブ,2019-07-20,2019-07-01,19,1,1,26000,1,26000.0,1,1,ジャニーズJr
舞台 マラソン,2019-06-17,2019-06-12,5,1,0,20000,1,20000.0,0,0,ジャニーズJr
美 少年 少年忍者 パパママ一番 裸の少年 夏祭り!,2019-07-18,2019-07-14,4,1,0,18000,1,18000.0,1,1,ジャニーズJr
美 少年 少年忍者 パパママ一番 裸の少年 夏祭り!,2019-08-02,2019-07-30,3,1,1,32000,2,16000.0,1,1,ジャニーズJr
ジャニーズJr. 8・8祭り 東京ドームから始まる,2019-08-08,2019-08-08,0,1,0,22900,2,11450.0,1,1,ジャニーズJr
美 少年 少年忍者 パパママ一番 裸の少年 夏祭り!,2019-07-19,2019-07-05,14,1,1,50000,2,25000.0,1,1,ジャニーズJr
美 少年 少年忍者 パパママ一番 裸の少年 夏祭り!,2019-08-02,2019-08-01,1,1,1,32000,2,16000.0,1,1,ジャニーズJr
美 少年 少年忍者 パパママ一番 裸の少年 夏祭り!,2019-07-19,2019-07-15,4,1,1,9000,2,4500.0,1,1,ジャニーズJr
美 少年 少年忍者 パパママ一番 裸の少年 夏祭り!,2019-07-24,2019-07-24,0,1,0,20000,1,20000.0,1,1,ジャニーズJr
美 少年 少年忍者 パパママ一番 裸の少年 夏祭り!,2019-07-18,2019-07-17,1,1,0,43000,2,21500.0,1,1,ジャニーズJr
美 少年 少年忍者 パパママ一番 裸の少年 夏祭り!,2019-07-19,2019-07-14,5,1,1,9000,2,4500.0,1,1,ジャニーズJr
美 少年 少年忍者 パパママ一番 裸の少年 夏祭り!,2019-07-19,2019-07-16,3,1,1,20000,1,20000.0,1,1,ジャニーズJr
美 少年 少年忍者 パパママ一番 裸の少年 夏祭り!,2019-07-18,2019-07-10,8,1,0,40000,2,20000.0,1,1,ジャニーズJr
Kis-My-Ft2 キスマイフットツー LIVE TOUR 2019 FREE HUGS!,2019-06-15,2019-06-14,1,1,0,8000,1,8000.0,1,1,キスマイフットツー
美 少年 少年忍者 パパママ一番 裸の少年 夏祭り!,2019-07-18,2019-07-11,7,1,1,20000,2,10000.0,1,1,ジャニーズJr
HiHi Jets ジャニーズ銀座2019 Tokyo Experience,2019-05-22,2019-05-19,3,1,0,60000,2,30000.0,0,0,ジャニーズJr
7 MEN 侍 ジャニーズ銀座2019 Tokyo Experience,2019-06-01,2019-05-31,1,1,0,60000,1,60000.0,0,0,ジャニーズJr
HiHi Jets ジャニーズ銀座2019 Tokyo Experience,2019-05-19,2019-05-16,3,1,1,81000,1,81000.0,0,0,ジャニーズJr
美 少年 少年忍者 パパママ一番 裸の少年 夏祭り!,2019-07-19,2019-07-14,5,1,0,9000,2,4500.0,1,1,ジャニーズJr
HiHi Jets ジャニーズ銀座2019 Tokyo Experience,2019-05-22,2019-05-22,0,1,1,59000,2,29500.0,0,0,ジャニーズJr
美 少年 少年忍者 パパママ一番 裸の少年 夏祭り!,2019-07-19,2019-07-14,5,1,1,7200,1,7200.0,1,1,ジャニーズJr
舞台 マラソン,2019-06-15,2019-06-06,9,1,1,13000,1,13000.0,0,0,ジャニーズJr
HiHi Jets ジャニーズ銀座2019 Tokyo Experience,2019-05-22,2019-05-21,1,1,0,110000,1,110000.0,0,0,ジャニーズJr
ジャニーズJr. ジャニーズ IsLAND Festival,2019-05-25,2019-05-23,2,1,0,30000,2,15000.0,0,0,ジャニーズJr
HiHi Jets ７ MEN 侍 パパママ一番 裸の少年 夏祭り!,2019-08-03,2019-08-03,0,1,1,90000,1,90000.0,1,1,ジャニーズJr
美 少年 少年忍者 パパママ一番 裸の少年 夏祭り!,2019-07-19,2019-07-01,18,1,1,38000,1,38000.0,1,1,ジャニーズJr
ミュージカル ドン・ジュアン,2019-08-31,2019-08-08,23,1,1,32000,1,32000.0,1,1,キスマイフットツー
映画 パラレルワールド・ラブストーリー 4大都市舞台挨拶,2019-06-10,2019-06-09,1,1,0,14000,2,7000.0,0,0,キスマイフットツー
美 少年 少年忍者 パパママ一番 裸の少年 夏祭り!,2019-07-18,2019-06-29,19,1,1,29999,2,14999.5,1,1,ジャニーズJr
ジャニーズJr. 8・8祭り 東京ドームから始まる,2019-08-08,2019-08-07,1,1,1,25000,1,25000.0,1,1,ジャニーズJr
HiHi Jets ジャニーズ銀座2019 Tokyo Experience,2019-05-25,2019-05-21,4,1,1,190000,2,95000.0,0,0,ジャニーズJr
美 少年 少年忍者 パパママ一番 裸の少年 夏祭り!,2019-07-19,2019-06-29,20,1,1,23000,2,11500.0,1,1,ジャニーズJr
美 少年 少年忍者 パパママ一番 裸の少年 夏祭り!,2019-07-18,2019-07-16,2,1,0,38000,1,38000.0,1,1,ジャニーズJr
美 少年 少年忍者 パパママ一番 裸の少年 夏祭り!,2019-07-29,2019-07-28,1,1,1,30000,1,30000.0,1,1,ジャニーズJr
美 少年 少年忍者 パパママ一番 裸の少年 夏祭り!,2019-07-22,2019-07-21,1,1,1,25000,1,25000.0,1,1,ジャニーズJr
音楽劇 トムとジェリー 夢よもう一度,2019-08-03,2019-08-03,0,1,1,7500,1,7500.0,1,1,ジャニーズJr
Kis-My-Ft2 キスマイフットツー LIVE TOUR 2019 FREE HUGS!,2019-06-15,2019-06-14,1,1,0,27000,1,27000.0,1,1,キスマイフットツー
HiHi Jets ７ MEN 侍 パパママ一番 裸の少年 夏祭り!,2019-08-11,2019-08-10,1,1,1,47000,1,47000.0,1,1,ジャニーズJr
美 少年 少年忍者 パパママ一番 裸の少年 夏祭り!,2019-07-19,2019-06-21,28,1,1,18000,2,9000.0,1,1,ジャニーズJr
ジャニーズJr. ジャニーズ IsLAND Festival,2019-05-25,2019-05-24,1,1,0,35000,1,35000.0,0,0,ジャニーズJr
美 少年 少年忍者 パパママ一番 裸の少年 夏祭り!,2019-07-18,2019-06-30,18,1,1,28000,1,28000.0,1,1,ジャニーズJr
美 少年 少年忍者 パパママ一番 裸の少年 夏祭り!,2019-07-29,2019-07-28,1,1,0,55000,1,55000.0,1,1,ジャニーズJr
Kis-My-Ft2 キスマイフットツー LIVE TOUR 2019 FREE HUGS!,2019-07-13,2019-07-02,11,1,1,30000,2,15000.0,1,1,キスマイフットツー
美 少年 少年忍者 パパママ一番 裸の少年 夏祭り!,2019-07-25,2019-07-24,1,1,0,42500,1,42500.0,1,1,ジャニーズJr
美 少年 少年忍者 パパママ一番 裸の少年 夏祭り!,2019-07-27,2019-07-25,2,1,0,19000,1,19000.0,1,1,ジャニーズJr
Kis-My-Ft2 キスマイフットツー LIVE TOUR 2019 FREE HUGS!,2019-06-15,2019-06-13,2,1,1,30000,2,15000.0,0,0,キスマイフットツー
映画 パラレルワールド・ラブストーリー 4大都市舞台挨拶,2019-06-10,2019-06-06,4,1,0,7000,1,7000.0,0,0,キスマイフットツー
ジャニーズJr. 8・8祭り 東京ドームから始まる,2019-08-08,2019-08-08,0,1,0,23000,2,11500.0,1,1,ジャニーズJr
ミュージカル ドン・ジュアン,2019-09-14,2019-07-30,46,1,1,43000,2,21500.0,1,1,キスマイフットツー
美 少年 少年忍者 パパママ一番 裸の少年 夏祭り!,2019-07-22,2019-07-21,1,1,0,8500,1,8500.0,1,1,ジャニーズJr
Kis-My-Ft2 キスマイフットツー LIVE TOUR 2019 FREE HUGS!,2019-06-22,2019-06-18,4,1,1,50000,2,25000.0,1,1,キスマイフットツー
HiHi Jets ７ MEN 侍 パパママ一番 裸の少年 夏祭り! オープンライブ,2019-07-20,2019-06-30,20,1,1,15000,1,15000.0,1,1,ジャニーズJr
美 少年 少年忍者 パパママ一番 裸の少年 夏祭り!,2019-07-19,2019-07-08,11,1,0,13500,2,6750.0,1,1,ジャニーズJr
Kis-My-Ft2 キスマイフットツー LIVE TOUR 2019 FREE HUGS!,2019-06-15,2019-06-03,12,1,0,25000,2,12500.0,0,0,キスマイフットツー
Kis-My-Ft2 キスマイフットツー LIVE TOUR 2019 FREE HUGS!,2019-06-15,2019-06-02,13,1,1,35000,2,17500.0,0,0,キスマイフットツー
Kis-My-Ft2 キスマイフットツー LIVE TOUR 2019 FREE HUGS!,2019-06-23,2019-06-20,3,1,0,7900,2,3950.0,1,1,キスマイフットツー
HiHi Jets ジャニーズ銀座2019 Tokyo Experience,2019-05-22,2019-05-19,3,1,0,250000,1,250000.0,0,0,ジャニーズJr
映画 パラレルワールド・ラブストーリー 4大都市舞台挨拶,2019-06-10,2019-06-05,5,1,1,12000,2,6000.0,0,0,キスマイフットツー
美 少年 少年忍者 パパママ一番 裸の少年 夏祭り!,2019-07-22,2019-07-20,2,1,0,12500,1,12500.0,1,1,ジャニーズJr
HiHi Jets ７ MEN 侍 パパママ一番 裸の少年 夏祭り!,2019-08-12,2019-08-11,1,1,0,96000,2,48000.0,1,1,ジャニーズJr
Kis-My-Ft2 キスマイフットツー LIVE TOUR 2019 FREE HUGS!,2019-06-16,2019-06-04,12,1,0,14000,2,7000.0,0,0,キスマイフットツー
ミュージカル ドン・ジュアン,2019-08-30,2019-07-15,46,1,1,70000,2,35000.0,1,1,キスマイフットツー
映画 パラレルワールド・ラブストーリー 4大都市舞台挨拶,2019-06-10,2019-06-09,1,1,0,40000,1,40000.0,0,0,キスマイフットツー
Kis-My-Ft2 キスマイフットツー LIVE TOUR 2019 FREE HUGS!,2019-07-12,2019-06-24,18,1,0,30000,1,30000.0,1,1,キスマイフットツー
HiHi Jets ジャニーズ銀座2019 Tokyo Experience,2019-05-22,2019-05-19,3,1,0,160000,2,80000.0,0,0,ジャニーズJr
Sexy Zone セクシーゾーン LIVE TOUR 2019 PAGES,2019-05-18,2019-05-18,0,1,0,17000,2,8500.0,0,0,セクシーゾーン
美 少年 少年忍者 パパママ一番 裸の少年 夏祭り!,2019-07-18,2019-07-16,2,1,0,13500,2,6750.0,1,1,ジャニーズJr
美 少年 少年忍者 パパママ一番 裸の少年 夏祭り!,2019-07-19,2019-06-29,20,1,1,16000,2,8000.0,1,1,ジャニーズJr
7 MEN 侍 ジャニーズ銀座2019 Tokyo Experience,2019-06-02,2019-05-30,3,1,1,60000,2,30000.0,0,0,ジャニーズJr
Kis-My-Ft2 キスマイフットツー LIVE TOUR 2019 FREE HUGS!,2019-07-13,2019-07-03,10,1,0,25000,2,12500.0,1,1,キスマイフットツー
HiHi Jets ７ MEN 侍 パパママ一番 裸の少年 夏祭り!,2019-08-06,2019-08-05,1,1,1,26000,2,13000.0,1,1,ジャニーズJr
Kis-My-Ft2 キスマイフットツー LIVE TOUR 2019 FREE HUGS!,2019-07-12,2019-07-05,7,1,1,50000,2,25000.0,1,1,キスマイフットツー
HiHi Jets ジャニーズ銀座2019 Tokyo Experience,2019-05-22,2019-05-20,2,1,0,80000,2,40000.0,0,0,ジャニーズJr
山田ジャパン HEY！ポール！,2019-07-21,2019-07-21,0,1,0,10000,1,10000.0,1,1,ジャニーズJr
HiHi Jets ７ MEN 侍 パパママ一番 裸の少年 夏祭り!,2019-08-06,2019-08-04,2,1,0,140000,1,140000.0,1,1,ジャニーズJr
ジャニーズJr. 8・8祭り 東京ドームから始まる,2019-08-08,2019-08-07,1,1,1,25000,2,12500.0,1,1,ジャニーズJr
美 少年 少年忍者 パパママ一番 裸の少年 夏祭り!,2019-07-21,2019-07-21,0,1,0,22000,1,22000.0,1,1,ジャニーズJr
映画 パラレルワールド・ラブストーリー 4大都市舞台挨拶,2019-06-14,2019-06-14,0,1,0,52000,1,52000.0,1,1,キスマイフットツー
Kis-My-Ft2 キスマイフットツー LIVE TOUR 2019 FREE HUGS!,2019-07-12,2019-07-12,0,1,1,10000,2,5000.0,1,1,キスマイフットツー
Kis-My-Ft2 キスマイフットツー LIVE TOUR 2019 FREE HUGS!,2019-06-15,2019-06-11,4,1,1,22000,2,11000.0,0,0,キスマイフットツー
ミュージカル ドン・ジュアン,2019-09-04,2019-07-17,49,1,1,39000,1,39000.0,1,1,キスマイフットツー
ミュージカル ドン・ジュアン,2019-09-11,2019-07-23,50,1,1,40000,1,40000.0,1,1,キスマイフットツー
Kis-My-Ft2 キスマイフットツー LIVE TOUR 2019 FREE HUGS!,2019-06-15,2019-06-02,13,1,1,27000,2,13500.0,0,0,キスマイフットツー
Kis-My-Ft2 キスマイフットツー LIVE TOUR 2019 FREE HUGS!,2019-06-22,2019-06-19,3,1,1,16000,2,8000.0,1,1,キスマイフットツー
ジャニーズJr. 8・8祭り 東京ドームから始まる,2019-08-08,2019-08-07,1,1,1,23000,4,5750.0,1,1,ジャニーズJr
美 少年 少年忍者 パパママ一番 裸の少年 夏祭り!,2019-07-22,2019-07-20,2,1,1,12000,2,6000.0,1,1,ジャニーズJr
Kis-My-Ft2 キスマイフットツー LIVE TOUR 2019 FREE HUGS!,2019-07-12,2019-07-08,4,1,0,19000,1,19000.0,1,1,キスマイフットツー
ミュージカル ドン・ジュアン,2019-09-02,2019-08-08,25,1,1,40000,1,40000.0,1,1,キスマイフットツー
美 少年 少年忍者 パパママ一番 裸の少年 夏祭り!,2019-07-24,2019-07-22,2,1,1,17000,1,17000.0,1,1,ジャニーズJr
HiHi Jets ７ MEN 侍 パパママ一番 裸の少年 夏祭り!,2019-08-05,2019-08-05,0,1,1,23000,1,23000.0,1,1,ジャニーズJr
ミュージカル ドン・ジュアン,2019-08-30,2019-08-08,22,1,0,20000,2,10000.0,1,1,キスマイフットツー
Kis-My-Ft2 キスマイフットツー LIVE TOUR 2019 FREE HUGS!,2019-06-22,2019-06-17,5,1,0,15000,1,15000.0,1,1,キスマイフットツー
Kis-My-Ft2 キスマイフットツー LIVE TOUR 2019 FREE HUGS!,2019-07-12,2019-06-27,15,1,1,23000,2,11500.0,1,1,キスマイフットツー
Kis-My-Ft2 キスマイフットツー LIVE TOUR 2019 FREE HUGS!,2019-06-16,2019-06-02,14,1,0,13000,2,6500.0,0,0,キスマイフットツー
Kis-My-Ft2 キスマイフットツー LIVE TOUR 2019 FREE HUGS!,2019-06-22,2019-06-21,1,1,0,40000,2,20000.0,1,1,キスマイフットツー
美 少年 少年忍者 パパママ一番 裸の少年 夏祭り!,2019-07-19,2019-07-07,12,1,1,19000,2,9500.0,1,1,ジャニーズJr
美 少年 少年忍者 パパママ一番 裸の少年 夏祭り!,2019-07-18,2019-07-16,2,1,1,110000,2,55000.0,1,1,ジャニーズJr
Sexy Zone セクシーゾーン LIVE TOUR 2019 PAGES,2019-05-25,2019-05-20,5,1,1,48000,1,48000.0,0,0,セクシーゾーン
美 少年 少年忍者 パパママ一番 裸の少年 夏祭り!,2019-08-02,2019-08-01,1,1,0,60000,1,60000.0,1,1,ジャニーズJr
美 少年 少年忍者 パパママ一番 裸の少年 夏祭り!,2019-07-24,2019-07-24,0,1,0,17000,1,17000.0,1,1,ジャニーズJr
HiHi Jets ７ MEN 侍 パパママ一番 裸の少年 夏祭り!,2019-08-12,2019-08-11,1,1,0,30000,1,30000.0,1,1,ジャニーズJr
映画 パラレルワールド・ラブストーリー 4大都市舞台挨拶,2019-06-14,2019-06-10,4,1,1,22000,2,11000.0,0,0,キスマイフットツー
HAMLET ハムレット,2019-09-21,2019-07-28,55,1,0,34500,2,17250.0,1,1,セクシーゾーン
美 少年 少年忍者 パパママ一番 裸の少年 夏祭り!,2019-07-18,2019-07-14,4,1,0,20000,2,10000.0,1,1,ジャニーズJr
Kis-My-Ft2 キスマイフットツー LIVE TOUR 2019 FREE HUGS!,2019-06-15,2019-06-15,0,1,1,33000,2,16500.0,1,1,キスマイフットツー
Kis-My-Ft2 キスマイフットツー LIVE TOUR 2019 FREE HUGS!,2019-06-23,2019-06-22,1,1,0,8500,2,4250.0,1,1,キスマイフットツー
美 少年 少年忍者 パパママ一番 裸の少年 夏祭り!,2019-08-02,2019-08-02,0,1,1,62000,2,31000.0,1,1,ジャニーズJr
ジャニーズJr. ジャニーズ IsLAND Festival,2019-05-25,2019-05-25,0,1,0,50000,3,16666.666666666668,0,0,ジャニーズJr
HiHi Jets ジャニーズ銀座2019 Tokyo Experience,2019-05-25,2019-05-21,4,1,1,150000,1,150000.0,0,0,ジャニーズJr
美 少年 少年忍者 パパママ一番 裸の少年 夏祭り!,2019-07-18,2019-07-16,2,1,1,13500,2,6750.0,1,1,ジャニーズJr
HiHi Jets ジャニーズ銀座2019 Tokyo Experience,2019-05-22,2019-05-22,0,1,1,160000,1,160000.0,0,0,ジャニーズJr
HiHi Jets ジャニーズ銀座2019 Tokyo Experience,2019-05-22,2019-05-21,1,1,0,90000,1,90000.0,0,0,ジャニーズJr
Kis-My-Ft2 キスマイフットツー LIVE TOUR 2019 FREE HUGS!,2019-06-22,2019-06-21,1,1,0,15000,2,7500.0,1,1,キスマイフットツー
美 少年 少年忍者 パパママ一番 裸の少年 夏祭り! オープンライブ,2019-08-03,2019-08-01,2,1,0,27000,1,27000.0,1,1,ジャニーズJr
美 少年 少年忍者 パパママ一番 裸の少年 夏祭り!,2019-07-19,2019-07-05,14,1,1,12000,1,12000.0,1,1,ジャニーズJr
Kis-My-Ft2 キスマイフットツー LIVE TOUR 2019 FREE HUGS!,2019-07-13,2019-06-26,17,1,1,35000,2,17500.0,1,1,キスマイフットツー
7 MEN 侍 ジャニーズ銀座2019 Tokyo Experience,2019-05-28,2019-05-28,0,1,0,38000,2,19000.0,0,0,ジャニーズJr
ジャニーズJr. 8・8祭り 東京ドームから始まる,2019-08-08,2019-08-07,1,1,0,26000,1,26000.0,1,1,ジャニーズJr
美 少年 少年忍者 パパママ一番 裸の少年 夏祭り!,2019-07-18,2019-07-18,0,1,1,36999,2,18499.5,1,1,ジャニーズJr
映画 パラレルワールド・ラブストーリー 4大都市舞台挨拶,2019-06-10,2019-06-09,1,1,0,7000,1,7000.0,0,0,キスマイフットツー
HiHi Jets ７ MEN 侍 パパママ一番 裸の少年 夏祭り!,2019-08-12,2019-08-11,1,1,0,18000,1,18000.0,1,1,ジャニーズJr
ジャニーズJr. 8・8祭り 東京ドームから始まる,2019-08-08,2019-08-07,1,1,0,25000,1,25000.0,1,1,ジャニーズJr
音楽劇 トムとジェリー 夢よもう一度,2019-08-03,2019-08-02,1,1,1,3000,1,3000.0,1,1,ジャニーズJr
美 少年 少年忍者 パパママ一番 裸の少年 夏祭り!,2019-07-24,2019-07-24,0,1,0,36000,2,18000.0,1,1,ジャニーズJr
美 少年 少年忍者 パパママ一番 裸の少年 夏祭り!,2019-07-18,2019-07-16,2,1,1,16000,2,8000.0,1,1,ジャニーズJr
Kis-My-Ft2 キスマイフットツー LIVE TOUR 2019 FREE HUGS!,2019-06-16,2019-06-16,0,1,0,13000,2,6500.0,1,1,キスマイフットツー
ジャニーズJr. ジャニーズ IsLAND Festival,2019-05-25,2019-05-21,4,1,0,32000,1,32000.0,0,0,ジャニーズJr
HiHi Jets ７ MEN 侍 パパママ一番 裸の少年 夏祭り!,2019-08-11,2019-08-10,1,1,0,32000,1,32000.0,1,1,ジャニーズJr
Kis-My-Ft2 キスマイフットツー LIVE TOUR 2019 FREE HUGS!,2019-07-12,2019-07-11,1,1,0,14500,2,7250.0,1,1,キスマイフットツー
美 少年 少年忍者 パパママ一番 裸の少年 夏祭り!,2019-07-22,2019-07-21,1,1,1,40000,2,20000.0,1,1,ジャニーズJr
美 少年 少年忍者 パパママ一番 裸の少年 夏祭り!,2019-07-19,2019-06-27,22,1,1,20500,2,10250.0,1,1,ジャニーズJr
Kis-My-Ft2 キスマイフットツー LIVE TOUR 2019 FREE HUGS!,2019-06-23,2019-06-22,1,1,0,9000,1,9000.0,1,1,キスマイフットツー
HiHi Jets ジャニーズ銀座2019 Tokyo Experience,2019-05-25,2019-05-19,6,1,1,120000,2,60000.0,0,0,ジャニーズJr
HiHi Jets ７ MEN 侍 パパママ一番 裸の少年 夏祭り! オープンライブ,2019-07-20,2019-06-20,30,1,1,14500,2,7250.0,1,1,ジャニーズJr
ミュージカル ドン・ジュアン,2019-08-30,2019-07-21,40,1,1,70000,1,70000.0,1,1,キスマイフットツー
美 少年 少年忍者 パパママ一番 裸の少年 夏祭り!,2019-07-31,2019-07-31,0,1,0,35000,1,35000.0,1,1,ジャニーズJr
映画 パラレルワールド・ラブストーリー 4大都市舞台挨拶,2019-06-08,2019-06-05,3,1,1,19000,2,9500.0,0,0,キスマイフットツー
7 MEN 侍 ジャニーズ銀座2019 Tokyo Experience,2019-05-30,2019-05-29,1,1,0,33000,1,33000.0,0,0,ジャニーズJr
NEWS ニュース LIVE TOUR 2019 WORLDISTA,2019-05-26,2019-05-25,1,1,0,14000,1,14000.0,0,0,NEWS
Kis-My-Ft2 キスマイフットツー LIVE TOUR 2019 FREE HUGS!,2019-06-15,2019-06-13,2,1,0,14000,2,7000.0,0,0,キスマイフットツー
HiHi Jets ７ MEN 侍 パパママ一番 裸の少年 夏祭り!,2019-08-05,2019-08-05,0,1,0,25500,1,25500.0,1,1,ジャニーズJr
美 少年 少年忍者 パパママ一番 裸の少年 夏祭り!,2019-07-18,2019-07-17,1,1,0,150000,1,150000.0,1,1,ジャニーズJr
美 少年 少年忍者 パパママ一番 裸の少年 夏祭り!,2019-07-31,2019-07-31,0,1,0,55000,1,55000.0,1,1,ジャニーズJr
美 少年 少年忍者 パパママ一番 裸の少年 夏祭り!,2019-07-24,2019-07-23,1,1,0,20000,1,20000.0,1,1,ジャニーズJr
美 少年 少年忍者 パパママ一番 裸の少年 夏祭り!,2019-07-18,2019-07-17,1,1,1,38000,1,38000.0,1,1,ジャニーズJr
美 少年 少年忍者 パパママ一番 裸の少年 夏祭り!,2019-07-24,2019-07-23,1,1,1,16500,1,16500.0,1,1,ジャニーズJr
美 少年 少年忍者 パパママ一番 裸の少年 夏祭り!,2019-08-02,2019-08-02,0,1,0,50000,2,25000.0,1,1,ジャニーズJr
HiHi Jets ジャニーズ銀座2019 Tokyo Experience,2019-05-18,2019-05-16,2,1,1,165000,1,165000.0,0,0,ジャニーズJr
美 少年 少年忍者 パパママ一番 裸の少年 夏祭り!,2019-07-19,2019-07-01,18,1,1,17000,2,8500.0,1,1,ジャニーズJr
美 少年 少年忍者 パパママ一番 裸の少年 夏祭り!,2019-07-20,2019-07-19,1,1,1,27000,1,27000.0,1,1,ジャニーズJr
美 少年 少年忍者 パパママ一番 裸の少年 夏祭り!,2019-07-18,2019-06-15,33,1,0,20000,1,20000.0,1,1,ジャニーズJr
HiHi Jets ７ MEN 侍 パパママ一番 裸の少年 夏祭り! オープンライブ,2019-07-20,2019-07-01,19,1,1,12000,2,6000.0,1,1,ジャニーズJr
HiHi Jets ７ MEN 侍 パパママ一番 裸の少年 夏祭り!,2019-08-05,2019-08-04,1,1,0,28000,1,28000.0,1,1,ジャニーズJr
Kis-My-Ft2 キスマイフットツー LIVE TOUR 2019 FREE HUGS!,2019-06-15,2019-06-14,1,1,0,18000,2,9000.0,1,1,キスマイフットツー
HiHi Jets ７ MEN 侍 パパママ一番 裸の少年 夏祭り! オープンライブ,2019-07-20,2019-06-23,27,1,1,14500,2,7250.0,1,1,ジャニーズJr
HiHi Jets ７ MEN 侍 パパママ一番 裸の少年 夏祭り!,2019-08-12,2019-08-11,1,1,1,25000,1,25000.0,1,1,ジャニーズJr
ミュージカル ドン・ジュアン,2019-08-30,2019-08-11,19,1,1,37000,1,37000.0,1,1,キスマイフットツー
舞台 マラソン,2019-06-13,2019-06-06,7,1,1,18000,1,18000.0,0,0,ジャニーズJr
美 少年 少年忍者 パパママ一番 裸の少年 夏祭り!,2019-07-18,2019-07-16,2,1,0,38000,1,38000.0,1,1,ジャニーズJr
美 少年 少年忍者 パパママ一番 裸の少年 夏祭り!,2019-07-21,2019-07-19,2,1,1,33000,2,16500.0,1,1,ジャニーズJr
Kis-My-Ft2 キスマイフットツー LIVE TOUR 2019 FREE HUGS!,2019-06-15,2019-06-13,2,1,1,20000,1,20000.0,0,0,キスマイフットツー
HAMLET ハムレット,2019-09-20,2019-06-07,105,1,1,44000,1,44000.0,0,0,セクシーゾーン
ジャニーズJr. 8・8祭り 東京ドームから始まる,2019-08-08,2019-08-08,0,1,0,22500,2,11250.0,1,1,ジャニーズJr
美 少年 少年忍者 パパママ一番 裸の少年 夏祭り!,2019-07-24,2019-07-23,1,1,1,65000,1,65000.0,1,1,ジャニーズJr
NEWS ニュース LIVE TOUR 2019 WORLDISTA,2019-05-18,2019-05-18,0,1,0,26000,2,13000.0,0,0,NEWS
山田ジャパン HEY！ポール！,2019-07-18,2019-07-08,10,1,1,10000,1,10000.0,1,1,ジャニーズJr
美 少年 少年忍者 パパママ一番 裸の少年 夏祭り!,2019-07-31,2019-07-28,3,1,1,73000,2,36500.0,1,1,ジャニーズJr
HAMLET ハムレット,2019-10-12,2019-07-06,98,1,1,70000,2,35000.0,1,1,セクシーゾーン
美 少年 少年忍者 パパママ一番 裸の少年 夏祭り!,2019-07-19,2019-06-26,23,1,1,19000,2,9500.0,1,1,ジャニーズJr
Kis-My-Ft2 キスマイフットツー LIVE TOUR 2019 FREE HUGS!,2019-07-12,2019-07-03,9,1,1,55000,2,27500.0,1,1,キスマイフットツー
舞台 GOOD PEOPLE,2019-07-21,2019-07-19,2,1,1,6500,1,6500.0,1,1,ジャニーズJr
美 少年 少年忍者 パパママ一番 裸の少年 夏祭り!,2019-08-01,2019-07-30,2,1,1,33000,1,33000.0,1,1,ジャニーズJr
Kis-My-Ft2 キスマイフットツー LIVE TOUR 2019 FREE HUGS!,2019-06-16,2019-06-16,0,1,0,11500,2,5750.0,1,1,キスマイフットツー
Kis-My-Ft2 キスマイフットツー LIVE TOUR 2019 FREE HUGS!,2019-06-22,2019-06-20,2,1,0,16000,1,16000.0,1,1,キスマイフットツー
舞台 マラソン,2019-06-11,2019-06-02,9,1,1,10000,1,10000.0,0,0,ジャニーズJr
Kis-My-Ft2 キスマイフットツー LIVE TOUR 2019 FREE HUGS!,2019-07-12,2019-06-23,19,1,1,45000,2,22500.0,1,1,キスマイフットツー
7 MEN 侍 ジャニーズ銀座2019 Tokyo Experience,2019-05-30,2019-05-28,2,1,1,58000,1,58000.0,0,0,ジャニーズJr
美 少年 少年忍者 パパママ一番 裸の少年 夏祭り!,2019-07-31,2019-07-31,0,1,0,35000,1,35000.0,1,1,ジャニーズJr
HAMLET ハムレット,2019-10-05,2019-06-22,105,1,1,49000,2,24500.0,1,1,セクシーゾーン
7 MEN 侍 ジャニーズ銀座2019 Tokyo Experience,2019-05-29,2019-05-29,0,1,0,58000,1,58000.0,0,0,ジャニーズJr
HAMLET ハムレット,2019-10-09,2019-06-13,118,1,1,38000,2,19000.0,0,0,セクシーゾーン
美 少年 少年忍者 パパママ一番 裸の少年 夏祭り!,2019-07-22,2019-07-21,1,1,1,22000,1,22000.0,1,1,ジャニーズJr
美 少年 少年忍者 パパママ一番 裸の少年 夏祭り!,2019-07-19,2019-07-16,3,1,1,33000,1,33000.0,1,1,ジャニーズJr
美 少年 少年忍者 パパママ一番 裸の少年 夏祭り!,2019-07-18,2019-07-12,6,1,1,21000,2,10500.0,1,1,ジャニーズJr
HAMLET ハムレット,2019-10-05,2019-07-19,78,1,1,56000,2,28000.0,1,1,セクシーゾーン
山田ジャパン HEY！ポール！,2019-07-19,2019-07-03,16,1,1,16500,2,8250.0,1,1,ジャニーズJr
HiHi Jets ７ MEN 侍 パパママ一番 裸の少年 夏祭り!,2019-08-05,2019-08-05,0,1,0,16000,1,16000.0,1,1,ジャニーズJr
ミュージカル ドン・ジュアン,2019-09-04,2019-07-20,46,1,0,30000,2,15000.0,1,1,キスマイフットツー
7 MEN 侍 ジャニーズ銀座2019 Tokyo Experience,2019-05-29,2019-05-27,2,1,1,14800,1,14800.0,0,0,ジャニーズJr
HiHi Jets ７ MEN 侍 パパママ一番 裸の少年 夏祭り! オープンライブ,2019-07-20,2019-07-01,19,1,1,11000,2,5500.0,1,1,ジャニーズJr
ジャニーズJr. ジャニーズ IsLAND Festival,2019-05-26,2019-05-26,0,1,1,100000,1,100000.0,0,0,ジャニーズJr
HAMLET ハムレット,2019-10-02,2019-08-07,56,1,1,40000,1,40000.0,1,1,セクシーゾーン
映画 パラレルワールド・ラブストーリー 4大都市舞台挨拶,2019-06-10,2019-06-09,1,1,1,57500,1,57500.0,0,0,キスマイフットツー
HiHi Jets ジャニーズ銀座2019 Tokyo Experience,2019-05-18,2019-05-17,1,1,1,90000,1,90000.0,0,0,ジャニーズJr
美 少年 少年忍者 パパママ一番 裸の少年 夏祭り!,2019-07-19,2019-07-07,12,1,1,60000,2,30000.0,1,1,ジャニーズJr
美 少年 少年忍者 パパママ一番 裸の少年 夏祭り!,2019-07-18,2019-07-10,8,1,0,25000,1,25000.0,1,1,ジャニーズJr
ザ少年倶楽部（少クラ）,2019-05-20,2019-05-16,4,1,0,60000,1,60000.0,0,0,ジャニーズJr
美 少年 少年忍者 パパママ一番 裸の少年 夏祭り!,2019-07-31,2019-07-31,0,1,0,58000,1,58000.0,1,1,ジャニーズJr
美 少年 少年忍者 パパママ一番 裸の少年 夏祭り!,2019-07-19,2019-07-16,3,1,1,30000,2,15000.0,1,1,ジャニーズJr
ジャニーズJr. ジャニーズ IsLAND Festival,2019-05-26,2019-05-25,1,1,0,34500,1,34500.0,0,0,ジャニーズJr
美 少年 少年忍者 パパママ一番 裸の少年 夏祭り!,2019-08-02,2019-08-01,1,1,1,47000,1,47000.0,1,1,ジャニーズJr
HAMLET ハムレット,2019-09-20,2019-08-05,46,1,1,47000,2,23500.0,1,1,セクシーゾーン
HAMLET ハムレット,2019-10-11,2019-07-16,87,1,1,31000,2,15500.0,1,1,セクシーゾーン
美 少年 少年忍者 パパママ一番 裸の少年 夏祭り!,2019-07-19,2019-07-08,11,1,1,13000,2,6500.0,1,1,ジャニーズJr
美 少年 少年忍者 パパママ一番 裸の少年 夏祭り!,2019-08-01,2019-08-01,0,1,0,38900,1,38900.0,1,1,ジャニーズJr
美 少年 少年忍者 パパママ一番 裸の少年 夏祭り!,2019-07-19,2019-07-15,4,1,1,8000,2,4000.0,1,1,ジャニーズJr
音楽劇 トムとジェリー 夢よもう一度,2019-08-03,2019-08-03,0,1,1,7500,1,7500.0,1,1,ジャニーズJr
美 少年 少年忍者 パパママ一番 裸の少年 夏祭り!,2019-07-31,2019-07-28,3,1,1,65500,2,32750.0,1,1,ジャニーズJr
美 少年 少年忍者 パパママ一番 裸の少年 夏祭り!,2019-07-18,2019-07-10,8,1,0,18000,2,9000.0,1,1,ジャニーズJr
Kis-My-Ft2 キスマイフットツー LIVE TOUR 2019 FREE HUGS!,2019-06-22,2019-06-18,4,1,0,17000,2,8500.0,1,1,キスマイフットツー
美 少年 少年忍者 パパママ一番 裸の少年 夏祭り!,2019-07-19,2019-07-05,14,1,1,19000,2,9500.0,1,1,ジャニーズJr
HiHi Jets ジャニーズ銀座2019 Tokyo Experience,2019-05-22,2019-05-21,1,1,1,53000,1,53000.0,0,0,ジャニーズJr
HAMLET ハムレット,2019-09-20,2019-08-02,49,1,1,45000,2,22500.0,1,1,セクシーゾーン
ジャニーズJr. 8・8祭り 東京ドームから始まる,2019-08-08,2019-08-07,1,1,0,27000,2,13500.0,1,1,ジャニーズJr
HiHi Jets ジャニーズ銀座2019 Tokyo Experience,2019-05-21,2019-05-19,2,1,0,168000,1,168000.0,0,0,ジャニーズJr
HiHi Jets ７ MEN 侍 パパママ一番 裸の少年 夏祭り! オープンライブ,2019-07-20,2019-06-30,20,1,1,33000,2,16500.0,1,1,ジャニーズJr
Kis-My-Ft2 キスマイフットツー LIVE TOUR 2019 FREE HUGS!,2019-07-12,2019-06-28,14,1,0,15000,3,5000.0,1,1,キスマイフットツー
Kis-My-Ft2 キスマイフットツー LIVE TOUR 2019 FREE HUGS!,2019-06-16,2019-06-16,0,1,0,13000,2,6500.0,1,1,キスマイフットツー
美 少年 少年忍者 パパママ一番 裸の少年 夏祭り!,2019-07-18,2019-07-13,5,1,1,13500,2,6750.0,1,1,ジャニーズJr
舞台 GOOD PEOPLE,2019-07-18,2019-06-25,23,1,1,17000,1,17000.0,1,1,ジャニーズJr
映画 パラレルワールド・ラブストーリー 4大都市舞台挨拶,2019-06-10,2019-06-08,2,1,1,23000,1,23000.0,0,0,キスマイフットツー
美 少年 少年忍者 パパママ一番 裸の少年 夏祭り!,2019-07-18,2019-07-14,4,1,1,47000,1,47000.0,1,1,ジャニーズJr
HiHi Jets ジャニーズ銀座2019 Tokyo Experience,2019-05-26,2019-05-25,1,1,1,180000,1,180000.0,0,0,ジャニーズJr
NEWS ニュース LIVE TOUR 2019 WORLDISTA,2019-05-18,2019-05-17,1,1,0,38000,2,19000.0,0,0,NEWS
Kis-My-Ft2 キスマイフットツー LIVE TOUR 2019 FREE HUGS!,2019-07-12,2019-06-26,16,1,0,18000,2,9000.0,1,1,キスマイフットツー
美 少年 少年忍者 パパママ一番 裸の少年 夏祭り!,2019-07-27,2019-07-25,2,1,1,110000,1,110000.0,1,1,ジャニーズJr
Kis-My-Ft2 キスマイフットツー LIVE TOUR 2019 FREE HUGS!,2019-06-15,2019-06-12,3,1,1,26000,2,13000.0,0,0,キスマイフットツー
映画 パラレルワールド・ラブストーリー 4大都市舞台挨拶,2019-06-10,2019-06-08,2,1,1,9500,1,9500.0,0,0,キスマイフットツー
Kis-My-Ft2 キスマイフットツー LIVE TOUR 2019 FREE HUGS!,2019-06-15,2019-06-13,2,1,0,26500,1,26500.0,0,0,キスマイフットツー
美 少年 少年忍者 パパママ一番 裸の少年 夏祭り!,2019-07-18,2019-07-11,7,1,1,16000,2,8000.0,1,1,ジャニーズJr
美 少年 少年忍者 パパママ一番 裸の少年 夏祭り!,2019-07-19,2019-06-14,35,1,1,22000,2,11000.0,1,1,ジャニーズJr
舞台 マラソン,2019-06-16,2019-06-06,10,1,1,20000,1,20000.0,0,0,ジャニーズJr
美 少年 少年忍者 パパママ一番 裸の少年 夏祭り!,2019-07-19,2019-07-08,11,1,1,11700,1,11700.0,1,1,ジャニーズJr
美 少年 少年忍者 パパママ一番 裸の少年 夏祭り!,2019-07-18,2019-07-18,0,1,0,30000,2,15000.0,1,1,ジャニーズJr
音楽劇 トムとジェリー 夢よもう一度,2019-08-03,2019-08-02,1,1,1,4300,1,4300.0,1,1,ジャニーズJr
Kis-My-Ft2 キスマイフットツー LIVE TOUR 2019 FREE HUGS!,2019-06-16,2019-06-02,14,1,1,17000,2,8500.0,0,0,キスマイフットツー
NEWS ニュース LIVE TOUR 2019 WORLDISTA,2019-05-25,2019-05-23,2,1,1,7000,2,3500.0,0,0,NEWS
HiHi Jets ジャニーズ銀座2019 Tokyo Experience,2019-05-22,2019-05-20,2,1,1,258000,1,258000.0,0,0,ジャニーズJr
ジャニーズJr. 8・8祭り 東京ドームから始まる,2019-08-08,2019-08-07,1,1,0,25000,1,25000.0,1,1,ジャニーズJr
Sexy Zone セクシーゾーン LIVE TOUR 2019 PAGES,2019-05-25,2019-05-25,0,1,0,22500,1,22500.0,0,0,セクシーゾーン
Kis-My-Ft2 キスマイフットツー LIVE TOUR 2019 FREE HUGS!,2019-06-16,2019-06-16,0,1,0,13000,1,13000.0,1,1,キスマイフットツー
ジャニーズJr. ジャニーズ IsLAND Festival,2019-05-25,2019-05-22,3,1,1,35000,2,17500.0,0,0,ジャニーズJr
HiHi Jets ジャニーズ銀座2019 Tokyo Experience,2019-05-22,2019-05-20,2,1,1,235000,2,117500.0,0,0,ジャニーズJr
美 少年 少年忍者 パパママ一番 裸の少年 夏祭り!,2019-07-30,2019-07-28,2,1,1,41000,1,41000.0,1,1,ジャニーズJr
美 少年 少年忍者 パパママ一番 裸の少年 夏祭り!,2019-08-02,2019-08-01,1,1,1,85000,2,42500.0,1,1,ジャニーズJr
HiHi Jets ７ MEN 侍 パパママ一番 裸の少年 夏祭り!,2019-08-06,2019-08-04,2,1,1,45000,1,45000.0,1,1,ジャニーズJr
美 少年 少年忍者 パパママ一番 裸の少年 夏祭り!,2019-07-18,2019-07-16,2,1,0,33000,2,16500.0,1,1,ジャニーズJr
HAMLET ハムレット,2019-10-06,2019-06-29,99,1,1,100000,2,50000.0,1,1,セクシーゾーン
美 少年 少年忍者 パパママ一番 裸の少年 夏祭り!,2019-07-18,2019-07-08,10,1,1,60000,4,15000.0,1,1,ジャニーズJr
美 少年 少年忍者 パパママ一番 裸の少年 夏祭り!,2019-07-19,2019-06-26,23,1,1,17000,2,8500.0,1,1,ジャニーズJr
Kis-My-Ft2 キスマイフットツー LIVE TOUR 2019 FREE HUGS!,2019-07-12,2019-07-11,1,1,0,8000,1,8000.0,1,1,キスマイフットツー
美 少年 少年忍者 パパママ一番 裸の少年 夏祭り!,2019-07-18,2019-07-11,7,1,1,270000,1,270000.0,1,1,ジャニーズJr
Kis-My-Ft2 キスマイフットツー LIVE TOUR 2019 FREE HUGS!,2019-07-13,2019-07-02,11,1,0,25000,2,12500.0,1,1,キスマイフットツー
Kis-My-Ft2 キスマイフットツー LIVE TOUR 2019 FREE HUGS!,2019-07-13,2019-06-26,17,1,0,30000,1,30000.0,1,1,キスマイフットツー
映画 パラレルワールド・ラブストーリー 4大都市舞台挨拶,2019-06-08,2019-06-05,3,1,1,4500,2,2250.0,0,0,キスマイフットツー
Sexy Zone セクシーゾーン LIVE TOUR 2019 PAGES,2019-05-25,2019-05-23,2,1,0,45000,1,45000.0,0,0,セクシーゾーン
美 少年 少年忍者 パパママ一番 裸の少年 夏祭り!,2019-07-30,2019-07-29,1,1,0,106000,2,53000.0,1,1,ジャニーズJr
HiHi Jets ７ MEN 侍 パパママ一番 裸の少年 夏祭り!,2019-08-06,2019-08-05,1,1,0,20000,2,10000.0,1,1,ジャニーズJr
美 少年 少年忍者 パパママ一番 裸の少年 夏祭り!,2019-07-24,2019-07-23,1,1,0,14000,2,7000.0,1,1,ジャニーズJr
Kis-My-Ft2 キスマイフットツー LIVE TOUR 2019 FREE HUGS!,2019-06-15,2019-06-13,2,1,0,34000,2,17000.0,0,0,キスマイフットツー
山田ジャパン HEY！ポール！,2019-07-19,2019-06-30,19,1,0,9000,1,9000.0,1,1,ジャニーズJr
映画 パラレルワールド・ラブストーリー 4大都市舞台挨拶,2019-06-10,2019-06-07,3,1,1,22000,2,11000.0,0,0,キスマイフットツー
美 少年 少年忍者 パパママ一番 裸の少年 夏祭り!,2019-07-18,2019-07-10,8,1,1,18000,2,9000.0,1,1,ジャニーズJr
美 少年 少年忍者 パパママ一番 裸の少年 夏祭り!,2019-07-25,2019-07-24,1,1,0,15000,2,7500.0,1,1,ジャニーズJr
Sexy Zone セクシーゾーン LIVE TOUR 2019 PAGES,2019-05-25,2019-05-25,0,1,0,19000,2,9500.0,0,0,セクシーゾーン
NEWS ニュース LIVE TOUR 2019 WORLDISTA,2019-05-25,2019-05-22,3,1,1,15000,2,7500.0,0,0,NEWS
Kis-My-Ft2 キスマイフットツー LIVE TOUR 2019 FREE HUGS!,2019-07-12,2019-07-12,0,1,1,15000,2,7500.0,1,1,キスマイフットツー
映画 パラレルワールド・ラブストーリー 4大都市舞台挨拶,2019-06-10,2019-06-10,0,1,1,5000,2,2500.0,0,0,キスマイフットツー
Kis-My-Ft2 キスマイフットツー LIVE TOUR 2019 FREE HUGS!,2019-06-22,2019-06-22,0,1,0,17000,2,8500.0,1,1,キスマイフットツー
美 少年 少年忍者 パパママ一番 裸の少年 夏祭り!,2019-07-21,2019-07-19,2,1,1,350000,2,175000.0,1,1,ジャニーズJr
美 少年 少年忍者 パパママ一番 裸の少年 夏祭り!,2019-07-18,2019-06-30,18,1,1,29999,2,14999.5,1,1,ジャニーズJr
Kis-My-Ft2 キスマイフットツー LIVE TOUR 2019 FREE HUGS!,2019-06-15,2019-06-14,1,1,0,16000,2,8000.0,1,1,キスマイフットツー
ザ少年倶楽部（少クラ）,2019-05-20,2019-05-19,1,1,0,50000,1,50000.0,0,0,ジャニーズJr
美 少年 少年忍者 パパママ一番 裸の少年 夏祭り!,2019-07-29,2019-07-29,0,1,0,22000,1,22000.0,1,1,ジャニーズJr
ジャニーズJr. ジャニーズ IsLAND Festival,2019-05-25,2019-05-24,1,1,0,40000,2,20000.0,0,0,ジャニーズJr
HiHi Jets ７ MEN 侍 パパママ一番 裸の少年 夏祭り! オープンライブ,2019-07-20,2019-06-25,25,1,1,18000,1,18000.0,1,1,ジャニーズJr
舞台 GOOD PEOPLE,2019-07-18,2019-07-15,3,1,1,8500,1,8500.0,1,1,ジャニーズJr
Kis-My-Ft2 キスマイフットツー LIVE TOUR 2019 FREE HUGS!,2019-06-16,2019-06-16,0,1,0,15000,2,7500.0,1,1,キスマイフットツー
美 少年 少年忍者 パパママ一番 裸の少年 夏祭り!,2019-07-18,2019-07-08,10,1,0,14000,2,7000.0,1,1,ジャニーズJr
NEWS ニュース LIVE TOUR 2019 WORLDISTA,2019-05-25,2019-05-24,1,1,0,5000,2,2500.0,0,0,NEWS
山田ジャパン HEY！ポール！,2019-07-18,2019-07-17,1,1,0,15000,1,15000.0,1,1,ジャニーズJr
舞台 マラソン,2019-06-16,2019-06-06,10,1,1,13000,1,13000.0,0,0,ジャニーズJr
美 少年 少年忍者 パパママ一番 裸の少年 夏祭り!,2019-07-19,2019-07-15,4,1,0,7300,1,7300.0,1,1,ジャニーズJr
美 少年 少年忍者 パパママ一番 裸の少年 夏祭り!,2019-08-02,2019-07-31,2,1,1,27000,1,27000.0,1,1,ジャニーズJr
美 少年 少年忍者 パパママ一番 裸の少年 夏祭り!,2019-07-18,2019-07-10,8,1,0,54000,2,27000.0,1,1,ジャニーズJr
7 MEN 侍 ジャニーズ銀座2019 Tokyo Experience,2019-06-02,2019-05-30,3,1,0,135000,1,135000.0,0,0,ジャニーズJr
美 少年 少年忍者 パパママ一番 裸の少年 夏祭り!,2019-07-18,2019-07-18,0,1,1,28000,2,14000.0,1,1,ジャニーズJr
山田ジャパン HEY！ポール！,2019-07-18,2019-07-06,12,1,1,10000,1,10000.0,1,1,ジャニーズJr
HAMLET ハムレット,2019-10-02,2019-08-05,58,1,1,39000,1,39000.0,1,1,セクシーゾーン
美 少年 少年忍者 パパママ一番 裸の少年 夏祭り!,2019-08-02,2019-07-31,2,1,1,34000,1,34000.0,1,1,ジャニーズJr
Kis-My-Ft2 キスマイフットツー LIVE TOUR 2019 FREE HUGS!,2019-07-12,2019-07-12,0,1,0,13000,2,6500.0,1,1,キスマイフットツー
HAMLET ハムレット,2019-10-01,2019-06-24,99,1,1,33000,2,16500.0,1,1,セクシーゾーン
美 少年 少年忍者 パパママ一番 裸の少年 夏祭り!,2019-08-01,2019-07-31,1,1,0,53000,1,53000.0,1,1,ジャニーズJr
HiHi Jets ジャニーズ銀座2019 Tokyo Experience,2019-05-19,2019-05-16,3,1,0,68000,2,34000.0,0,0,ジャニーズJr
Kis-My-Ft2 キスマイフットツー LIVE TOUR 2019 FREE HUGS!,2019-06-15,2019-06-02,13,1,1,30000,1,30000.0,0,0,キスマイフットツー
ミュージカル ドン・ジュアン,2019-08-31,2019-08-11,20,1,0,22500,2,11250.0,1,1,キスマイフットツー
ミュージカル ドン・ジュアン,2019-08-30,2019-08-02,28,1,1,70000,1,70000.0,1,1,キスマイフットツー
美 少年 少年忍者 パパママ一番 裸の少年 夏祭り!,2019-08-02,2019-08-02,0,1,1,53000,1,53000.0,1,1,ジャニーズJr
美 少年 少年忍者 パパママ一番 裸の少年 夏祭り!,2019-07-19,2019-06-24,25,1,1,20000,1,20000.0,1,1,ジャニーズJr
HiHi Jets ジャニーズ銀座2019 Tokyo Experience,2019-05-25,2019-05-23,2,1,1,225000,1,225000.0,0,0,ジャニーズJr
美 少年 少年忍者 パパママ一番 裸の少年 夏祭り!,2019-07-30,2019-07-28,2,1,0,106000,1,106000.0,1,1,ジャニーズJr
美 少年 少年忍者 パパママ一番 裸の少年 夏祭り!,2019-07-18,2019-07-04,14,1,1,27000,1,27000.0,1,1,ジャニーズJr
美 少年 少年忍者 パパママ一番 裸の少年 夏祭り!,2019-07-31,2019-07-28,3,1,1,80000,1,80000.0,1,1,ジャニーズJr
美 少年 少年忍者 パパママ一番 裸の少年 夏祭り!,2019-07-24,2019-07-22,2,1,1,76000,2,38000.0,1,1,ジャニーズJr
舞台 マラソン,2019-06-13,2019-06-11,2,1,0,9000,1,9000.0,0,0,ジャニーズJr
ミュージカル ドン・ジュアン,2019-09-16,2019-07-14,64,1,1,70000,2,35000.0,1,1,キスマイフットツー
Kis-My-Ft2 キスマイフットツー LIVE TOUR 2019 FREE HUGS!,2019-07-13,2019-07-03,10,1,0,28000,2,14000.0,1,1,キスマイフットツー
Kis-My-Ft2 キスマイフットツー LIVE TOUR 2019 FREE HUGS!,2019-07-12,2019-07-02,10,1,1,79000,2,39500.0,1,1,キスマイフットツー
ジャニーズJr. ジャニーズ IsLAND Festival,2019-05-25,2019-05-23,2,1,0,35000,2,17500.0,0,0,ジャニーズJr
ジャニーズJr. ジャニーズ IsLAND Festival,2019-05-26,2019-05-26,0,1,0,63000,1,63000.0,0,0,ジャニーズJr
美 少年 少年忍者 パパママ一番 裸の少年 夏祭り!,2019-07-31,2019-07-28,3,1,1,365000,1,365000.0,1,1,ジャニーズJr
美 少年 少年忍者 パパママ一番 裸の少年 夏祭り!,2019-07-18,2019-07-12,6,1,1,15000,2,7500.0,1,1,ジャニーズJr
HiHi Jets ７ MEN 侍 パパママ一番 裸の少年 夏祭り!,2019-08-06,2019-08-04,2,1,0,23000,1,23000.0,1,1,ジャニーズJr
Kis-My-Ft2 キスマイフットツー LIVE TOUR 2019 FREE HUGS!,2019-06-15,2019-06-14,1,1,0,27000,2,13500.0,1,1,キスマイフットツー
美 少年 少年忍者 パパママ一番 裸の少年 夏祭り!,2019-07-22,2019-07-20,2,1,1,20000,2,10000.0,1,1,ジャニーズJr
美 少年 少年忍者 パパママ一番 裸の少年 夏祭り!,2019-07-26,2019-07-25,1,1,0,25000,1,25000.0,1,1,ジャニーズJr
HiHi Jets ジャニーズ銀座2019 Tokyo Experience,2019-05-22,2019-05-20,2,1,0,90000,1,90000.0,0,0,ジャニーズJr
美 少年 少年忍者 パパママ一番 裸の少年 夏祭り!,2019-07-22,2019-07-21,1,1,1,23000,2,11500.0,1,1,ジャニーズJr
Kis-My-Ft2 キスマイフットツー LIVE TOUR 2019 FREE HUGS!,2019-06-16,2019-06-16,0,1,1,13500,2,6750.0,1,1,キスマイフットツー
美 少年 少年忍者 パパママ一番 裸の少年 夏祭り!,2019-07-19,2019-07-14,5,1,1,11500,2,5750.0,1,1,ジャニーズJr
美 少年 少年忍者 パパママ一番 裸の少年 夏祭り!,2019-07-18,2019-07-14,4,1,1,13000,1,13000.0,1,1,ジャニーズJr
HiHi Jets ７ MEN 侍 パパママ一番 裸の少年 夏祭り!,2019-08-05,2019-08-05,0,1,0,40000,1,40000.0,1,1,ジャニーズJr
NEWS ニュース LIVE TOUR 2019 WORLDISTA,2019-05-25,2019-05-24,1,1,0,4500,2,2250.0,0,0,NEWS
ジャニーズJr. ジャニーズ IsLAND Festival,2019-05-25,2019-05-24,1,1,0,36000,1,36000.0,0,0,ジャニーズJr
ミュージカル ドン・ジュアン,2019-08-31,2019-08-04,27,1,1,40000,1,40000.0,1,1,キスマイフットツー
美 少年 少年忍者 パパママ一番 裸の少年 夏祭り!,2019-08-02,2019-08-01,1,1,0,83000,1,83000.0,1,1,ジャニーズJr
美 少年 少年忍者 パパママ一番 裸の少年 夏祭り!,2019-07-20,2019-06-14,36,1,1,20000,1,20000.0,1,1,ジャニーズJr
ジャニーズJr. ジャニーズ IsLAND Festival,2019-05-26,2019-05-25,1,1,0,36000,2,18000.0,0,0,ジャニーズJr
美 少年 少年忍者 パパママ一番 裸の少年 夏祭り!,2019-07-18,2019-07-17,1,1,0,22500,1,22500.0,1,1,ジャニーズJr
美 少年 少年忍者 パパママ一番 裸の少年 夏祭り!,2019-07-19,2019-07-03,16,1,1,30000,2,15000.0,1,1,ジャニーズJr
美 少年 少年忍者 パパママ一番 裸の少年 夏祭り!,2019-07-19,2019-07-16,3,1,1,8900,2,4450.0,1,1,ジャニーズJr
山田ジャパン HEY！ポール！,2019-07-19,2019-06-23,26,1,0,8500,1,8500.0,1,1,ジャニーズJr
美 少年 少年忍者 パパママ一番 裸の少年 夏祭り!,2019-07-24,2019-07-22,2,1,1,20000,1,20000.0,1,1,ジャニーズJr
ジャニーズJr. 8・8祭り 東京ドームから始まる,2019-08-08,2019-08-07,1,1,1,25000,1,25000.0,1,1,ジャニーズJr
ミュージカル ドン・ジュアン,2019-09-02,2019-07-23,41,1,1,40000,2,20000.0,1,1,キスマイフットツー
HiHi Jets ７ MEN 侍 パパママ一番 裸の少年 夏祭り!,2019-08-13,2019-08-11,2,1,0,20000,2,10000.0,1,1,ジャニーズJr
Kis-My-Ft2 キスマイフットツー LIVE TOUR 2019 FREE HUGS!,2019-07-13,2019-06-29,14,1,1,29000,1,29000.0,1,1,キスマイフットツー
美 少年 少年忍者 パパママ一番 裸の少年 夏祭り!,2019-07-24,2019-07-23,1,1,0,12000,2,6000.0,1,1,ジャニーズJr
美 少年 少年忍者 パパママ一番 裸の少年 夏祭り!,2019-07-19,2019-07-14,5,1,1,9000,2,4500.0,1,1,ジャニーズJr
Kis-My-Ft2 キスマイフットツー LIVE TOUR 2019 FREE HUGS!,2019-06-16,2019-06-02,14,1,1,13500,2,6750.0,0,0,キスマイフットツー
HiHi Jets ７ MEN 侍 パパママ一番 裸の少年 夏祭り!,2019-08-05,2019-08-05,0,1,0,27000,1,27000.0,1,1,ジャニーズJr
Kis-My-Ft2 キスマイフットツー LIVE TOUR 2019 FREE HUGS!,2019-07-13,2019-07-13,0,1,0,25000,2,12500.0,1,1,キスマイフットツー
美 少年 少年忍者 パパママ一番 裸の少年 夏祭り!,2019-07-18,2019-06-15,33,1,1,25000,2,12500.0,1,1,ジャニーズJr
Sexy Zone セクシーゾーン LIVE TOUR 2019 PAGES,2019-05-25,2019-05-24,1,1,0,25000,1,25000.0,0,0,セクシーゾーン
NEWS ニュース LIVE TOUR 2019 WORLDISTA,2019-05-25,2019-05-21,4,1,1,8900,1,8900.0,0,0,NEWS
HiHi Jets ジャニーズ銀座2019 Tokyo Experience,2019-05-24,2019-05-21,3,1,0,150000,1,150000.0,0,0,ジャニーズJr
映画 パラレルワールド・ラブストーリー 4大都市舞台挨拶,2019-06-10,2019-06-09,1,1,1,22000,1,22000.0,0,0,キスマイフットツー
HiHi Jets ジャニーズ銀座2019 Tokyo Experience,2019-05-25,2019-05-21,4,1,1,75000,1,75000.0,0,0,ジャニーズJr
山田ジャパン HEY！ポール！,2019-07-18,2019-07-15,3,1,1,9000,1,9000.0,1,1,ジャニーズJr
美 少年 少年忍者 パパママ一番 裸の少年 夏祭り!,2019-08-01,2019-07-28,4,1,0,25000,2,12500.0,1,1,ジャニーズJr
美 少年 少年忍者 パパママ一番 裸の少年 夏祭り!,2019-08-02,2019-08-01,1,1,0,45000,1,45000.0,1,1,ジャニーズJr
美 少年 少年忍者 パパママ一番 裸の少年 夏祭り!,2019-07-19,2019-07-07,12,1,0,12000,1,12000.0,1,1,ジャニーズJr
Kis-My-Ft2 キスマイフットツー LIVE TOUR 2019 FREE HUGS!,2019-06-15,2019-06-15,0,1,0,30000,1,30000.0,1,1,キスマイフットツー
美 少年 少年忍者 パパママ一番 裸の少年 夏祭り!,2019-07-19,2019-07-08,11,1,1,13000,2,6500.0,1,1,ジャニーズJr
美 少年 少年忍者 パパママ一番 裸の少年 夏祭り!,2019-07-19,2019-06-23,26,1,1,28000,2,14000.0,1,1,ジャニーズJr
美 少年 少年忍者 パパママ一番 裸の少年 夏祭り!,2019-08-01,2019-07-29,3,1,0,24500,2,12250.0,1,1,ジャニーズJr
Kis-My-Ft2 キスマイフットツー LIVE TOUR 2019 FREE HUGS!,2019-06-15,2019-06-11,4,1,1,22000,2,11000.0,0,0,キスマイフットツー
Kis-My-Ft2 キスマイフットツー LIVE TOUR 2019 FREE HUGS!,2019-06-15,2019-06-13,2,1,1,19000,2,9500.0,0,0,キスマイフットツー
美 少年 少年忍者 パパママ一番 裸の少年 夏祭り!,2019-08-02,2019-08-02,0,1,0,27800,1,27800.0,1,1,ジャニーズJr
美 少年 少年忍者 パパママ一番 裸の少年 夏祭り!,2019-07-21,2019-07-20,1,1,0,16000,1,16000.0,1,1,ジャニーズJr
舞台 マラソン,2019-06-17,2019-06-16,1,1,1,18000,1,18000.0,1,1,ジャニーズJr
HiHi Jets ７ MEN 侍 パパママ一番 裸の少年 夏祭り! オープンライブ,2019-07-20,2019-07-06,14,1,0,10500,1,10500.0,1,1,ジャニーズJr
HAMLET ハムレット,2019-09-08,2019-08-08,31,1,1,43000,1,43000.0,1,1,セクシーゾーン
美 少年 少年忍者 パパママ一番 裸の少年 夏祭り!,2019-07-19,2019-06-17,32,1,0,15800,1,15800.0,1,1,ジャニーズJr
Kis-My-Ft2 キスマイフットツー LIVE TOUR 2019 FREE HUGS!,2019-06-15,2019-06-12,3,1,0,19000,1,19000.0,0,0,キスマイフットツー
美 少年 少年忍者 パパママ一番 裸の少年 夏祭り!,2019-07-21,2019-07-21,0,1,0,22000,1,22000.0,1,1,ジャニーズJr
ザ少年倶楽部（少クラ）,2019-05-20,2019-05-16,4,1,0,58000,1,58000.0,0,0,ジャニーズJr
HiHi Jets ７ MEN 侍 パパママ一番 裸の少年 夏祭り!,2019-08-06,2019-08-04,2,1,1,35000,1,35000.0,1,1,ジャニーズJr
HAMLET ハムレット,2019-09-25,2019-07-22,65,1,1,50000,1,50000.0,1,1,セクシーゾーン
美 少年 少年忍者 パパママ一番 裸の少年 夏祭り!,2019-07-19,2019-07-07,12,1,1,21999,1,21999.0,1,1,ジャニーズJr
Kis-My-Ft2 キスマイフットツー LIVE TOUR 2019 FREE HUGS!,2019-07-13,2019-06-29,14,1,1,38000,2,19000.0,1,1,キスマイフットツー
美 少年 少年忍者 パパママ一番 裸の少年 夏祭り!,2019-07-18,2019-07-11,7,1,1,85000,2,42500.0,1,1,ジャニーズJr
HiHi Jets ジャニーズ銀座2019 Tokyo Experience,2019-05-22,2019-05-19,3,1,1,105000,1,105000.0,0,0,ジャニーズJr
美 少年 少年忍者 パパママ一番 裸の少年 夏祭り!,2019-07-19,2019-06-25,24,1,1,18000,2,9000.0,1,1,ジャニーズJr
ミュージカル ドン・ジュアン,2019-09-02,2019-08-05,28,1,1,90000,1,90000.0,1,1,キスマイフットツー
美 少年 少年忍者 パパママ一番 裸の少年 夏祭り!,2019-07-18,2019-07-01,17,1,1,28000,1,28000.0,1,1,ジャニーズJr
美 少年 少年忍者 パパママ一番 裸の少年 夏祭り!,2019-07-31,2019-07-31,0,1,0,24000,1,24000.0,1,1,ジャニーズJr
ジャニーズJr. 8・8祭り 東京ドームから始まる,2019-08-08,2019-08-07,1,1,1,27000,2,13500.0,1,1,ジャニーズJr
HiHi Jets ７ MEN 侍 パパママ一番 裸の少年 夏祭り!,2019-08-06,2019-08-05,1,1,0,30000,1,30000.0,1,1,ジャニーズJr
美 少年 少年忍者 パパママ一番 裸の少年 夏祭り!,2019-07-18,2019-07-16,2,1,1,50000,2,25000.0,1,1,ジャニーズJr
美 少年 少年忍者 パパママ一番 裸の少年 夏祭り!,2019-07-19,2019-06-22,27,1,1,17000,2,8500.0,1,1,ジャニーズJr
Kis-My-Ft2 キスマイフットツー LIVE TOUR 2019 FREE HUGS!,2019-07-13,2019-07-13,0,1,0,20000,1,20000.0,1,1,キスマイフットツー
美 少年 少年忍者 パパママ一番 裸の少年 夏祭り!,2019-07-20,2019-07-19,1,1,1,18000,1,18000.0,1,1,ジャニーズJr
Kis-My-Ft2 キスマイフットツー LIVE TOUR 2019 FREE HUGS!,2019-06-15,2019-06-11,4,1,0,30000,2,15000.0,0,0,キスマイフットツー
Kis-My-Ft2 キスマイフットツー LIVE TOUR 2019 FREE HUGS!,2019-06-23,2019-06-20,3,1,0,7000,2,3500.0,1,1,キスマイフットツー
HiHi Jets ジャニーズ銀座2019 Tokyo Experience,2019-05-22,2019-05-16,6,1,1,61000,2,30500.0,0,0,ジャニーズJr
Kis-My-Ft2 キスマイフットツー LIVE TOUR 2019 FREE HUGS!,2019-06-16,2019-06-16,0,1,0,12000,2,6000.0,1,1,キスマイフットツー
映画 パラレルワールド・ラブストーリー 4大都市舞台挨拶,2019-06-10,2019-06-09,1,1,1,150000,1,150000.0,0,0,キスマイフットツー
Kis-My-Ft2 キスマイフットツー LIVE TOUR 2019 FREE HUGS!,2019-06-22,2019-06-20,2,1,0,39000,2,19500.0,1,1,キスマイフットツー
ミュージカル ドン・ジュアン,2019-10-02,2019-07-18,76,1,1,35000,2,17500.0,1,1,キスマイフットツー
山田ジャパン HEY！ポール！,2019-07-20,2019-07-20,0,1,0,25000,1,25000.0,1,1,ジャニーズJr
Sexy Zone セクシーゾーン LIVE TOUR 2019 PAGES,2019-05-25,2019-05-23,2,1,0,32000,1,32000.0,0,0,セクシーゾーン
ミュージカル ドン・ジュアン,2019-09-18,2019-07-16,64,1,1,77000,2,38500.0,1,1,キスマイフットツー
ミュージカル ドン・ジュアン,2019-09-02,2019-08-10,23,1,1,30000,2,15000.0,1,1,キスマイフットツー
美 少年 少年忍者 パパママ一番 裸の少年 夏祭り!,2019-07-18,2019-07-13,5,1,0,14000,2,7000.0,1,1,ジャニーズJr
Kis-My-Ft2 キスマイフットツー LIVE TOUR 2019 FREE HUGS!,2019-06-16,2019-06-04,12,1,1,20000,1,20000.0,0,0,キスマイフットツー
HAMLET ハムレット,2019-10-05,2019-08-07,59,1,1,30000,1,30000.0,1,1,セクシーゾーン
映画 パラレルワールド・ラブストーリー 4大都市舞台挨拶,2019-06-14,2019-06-08,6,1,1,30000,2,15000.0,0,0,キスマイフットツー
HiHi Jets ジャニーズ銀座2019 Tokyo Experience,2019-05-19,2019-05-17,2,1,1,125000,1,125000.0,0,0,ジャニーズJr
ジャニーズJr. 8・8祭り 東京ドームから始まる,2019-08-08,2019-08-08,0,1,0,22000,2,11000.0,1,1,ジャニーズJr
美 少年 少年忍者 パパママ一番 裸の少年 夏祭り!,2019-07-18,2019-07-08,10,1,1,33000,1,33000.0,1,1,ジャニーズJr
美 少年 少年忍者 パパママ一番 裸の少年 夏祭り!,2019-07-18,2019-07-08,10,1,1,19000,2,9500.0,1,1,ジャニーズJr
音楽劇 トムとジェリー 夢よもう一度,2019-08-04,2019-08-03,1,1,1,9000,1,9000.0,1,1,ジャニーズJr
Kis-My-Ft2 キスマイフットツー LIVE TOUR 2019 FREE HUGS!,2019-06-22,2019-06-21,1,1,1,29000,2,14500.0,1,1,キスマイフットツー
美 少年 少年忍者 パパママ一番 裸の少年 夏祭り!,2019-07-22,2019-07-20,2,1,1,20000,2,10000.0,1,1,ジャニーズJr
HiHi Jets ７ MEN 侍 パパママ一番 裸の少年 夏祭り! オープンライブ,2019-07-20,2019-07-07,13,1,0,15000,2,7500.0,1,1,ジャニーズJr
HiHi Jets ７ MEN 侍 パパママ一番 裸の少年 夏祭り!,2019-08-13,2019-08-11,2,1,0,21000,2,10500.0,1,1,ジャニーズJr
美 少年 少年忍者 パパママ一番 裸の少年 夏祭り!,2019-07-27,2019-07-25,2,1,0,29000,2,14500.0,1,1,ジャニーズJr
映画 パラレルワールド・ラブストーリー 4大都市舞台挨拶,2019-06-10,2019-06-07,3,1,1,17800,1,17800.0,0,0,キスマイフットツー
HiHi Jets ７ MEN 侍 パパママ一番 裸の少年 夏祭り! オープンライブ,2019-07-20,2019-06-23,27,1,1,14000,1,14000.0,1,1,ジャニーズJr
美 少年 少年忍者 パパママ一番 裸の少年 夏祭り!,2019-07-19,2019-06-21,28,1,0,13000,2,6500.0,1,1,ジャニーズJr
美 少年 少年忍者 パパママ一番 裸の少年 夏祭り!,2019-07-31,2019-07-28,3,1,0,22000,1,22000.0,1,1,ジャニーズJr
美 少年 少年忍者 パパママ一番 裸の少年 夏祭り!,2019-07-24,2019-07-23,1,1,1,17500,2,8750.0,1,1,ジャニーズJr
NEWS ニュース LIVE TOUR 2019 WORLDISTA,2019-05-18,2019-05-17,1,1,1,33000,2,16500.0,0,0,NEWS
美 少年 少年忍者 パパママ一番 裸の少年 夏祭り!,2019-07-19,2019-07-17,2,1,1,24000,1,24000.0,1,1,ジャニーズJr
美 少年 少年忍者 パパママ一番 裸の少年 夏祭り!,2019-07-21,2019-07-20,1,1,1,75000,2,37500.0,1,1,ジャニーズJr
美 少年 少年忍者 パパママ一番 裸の少年 夏祭り!,2019-08-01,2019-08-01,0,1,0,32500,1,32500.0,1,1,ジャニーズJr
HiHi Jets ７ MEN 侍 パパママ一番 裸の少年 夏祭り! オープンライブ,2019-07-20,2019-06-29,21,1,0,13000,2,6500.0,1,1,ジャニーズJr
映画 パラレルワールド・ラブストーリー 4大都市舞台挨拶,2019-06-14,2019-06-08,6,1,1,22000,2,11000.0,0,0,キスマイフットツー
HiHi Jets ７ MEN 侍 パパママ一番 裸の少年 夏祭り!,2019-08-06,2019-08-04,2,1,1,140000,1,140000.0,1,1,ジャニーズJr
美 少年 少年忍者 パパママ一番 裸の少年 夏祭り!,2019-07-24,2019-07-23,1,1,0,20000,1,20000.0,1,1,ジャニーズJr
ミュージカル ドン・ジュアン,2019-09-07,2019-07-18,51,1,1,42000,1,42000.0,1,1,キスマイフットツー
Kis-My-Ft2 キスマイフットツー LIVE TOUR 2019 FREE HUGS!,2019-06-15,2019-06-15,0,1,0,30000,1,30000.0,1,1,キスマイフットツー
Kis-My-Ft2 キスマイフットツー LIVE TOUR 2019 FREE HUGS!,2019-06-22,2019-06-20,2,1,1,35000,2,17500.0,1,1,キスマイフットツー
美 少年 少年忍者 パパママ一番 裸の少年 夏祭り!,2019-07-18,2019-07-07,11,1,1,21999,2,10999.5,1,1,ジャニーズJr
美 少年 少年忍者 パパママ一番 裸の少年 夏祭り!,2019-07-24,2019-07-23,1,1,1,32000,2,16000.0,1,1,ジャニーズJr
HiHi Jets ジャニーズ銀座2019 Tokyo Experience,2019-05-22,2019-05-20,2,1,1,190000,2,95000.0,0,0,ジャニーズJr
ジャニーズJr. ジャニーズ IsLAND Festival,2019-05-25,2019-05-23,2,1,0,15000,1,15000.0,0,0,ジャニーズJr
美 少年 少年忍者 パパママ一番 裸の少年 夏祭り!,2019-07-29,2019-07-28,1,1,1,45000,1,45000.0,1,1,ジャニーズJr
Kis-My-Ft2 キスマイフットツー LIVE TOUR 2019 FREE HUGS!,2019-06-22,2019-06-17,5,1,0,6000,1,6000.0,1,1,キスマイフットツー
美 少年 少年忍者 パパママ一番 裸の少年 夏祭り!,2019-07-18,2019-07-06,12,1,1,20000,2,10000.0,1,1,ジャニーズJr
Kis-My-Ft2 キスマイフットツー LIVE TOUR 2019 FREE HUGS!,2019-07-12,2019-07-04,8,1,0,15000,1,15000.0,1,1,キスマイフットツー
美 少年 少年忍者 パパママ一番 裸の少年 夏祭り! オープンライブ,2019-08-03,2019-08-02,1,1,1,78500,1,78500.0,1,1,ジャニーズJr
美 少年 少年忍者 パパママ一番 裸の少年 夏祭り!,2019-07-30,2019-07-28,2,1,1,35000,1,35000.0,1,1,ジャニーズJr
美 少年 少年忍者 パパママ一番 裸の少年 夏祭り!,2019-07-18,2019-07-11,7,1,1,22000,2,11000.0,1,1,ジャニーズJr
NEWS ニュース LIVE TOUR 2019 WORLDISTA,2019-05-25,2019-05-22,3,1,1,7500,1,7500.0,0,0,NEWS
ジャニーズJr. ジャニーズ IsLAND Festival,2019-05-26,2019-05-26,0,1,0,70000,1,70000.0,0,0,ジャニーズJr
美 少年 少年忍者 パパママ一番 裸の少年 夏祭り!,2019-07-19,2019-07-04,15,1,1,25000,2,12500.0,1,1,ジャニーズJr
Kis-My-Ft2 キスマイフットツー LIVE TOUR 2019 FREE HUGS!,2019-07-13,2019-06-26,17,1,0,30000,1,30000.0,1,1,キスマイフットツー
美 少年 少年忍者 パパママ一番 裸の少年 夏祭り!,2019-07-31,2019-07-29,2,1,1,32000,2,16000.0,1,1,ジャニーズJr
NEWS ニュース LIVE TOUR 2019 WORLDISTA,2019-05-25,2019-05-24,1,1,0,7500,1,7500.0,0,0,NEWS
美 少年 少年忍者 パパママ一番 裸の少年 夏祭り!,2019-08-01,2019-07-30,2,1,0,60000,2,30000.0,1,1,ジャニーズJr
HiHi Jets ジャニーズ銀座2019 Tokyo Experience,2019-05-25,2019-05-19,6,1,1,76000,1,76000.0,0,0,ジャニーズJr
Sexy Zone セクシーゾーン LIVE TOUR 2019 PAGES,2019-05-25,2019-05-21,4,1,0,58000,4,14500.0,0,0,セクシーゾーン
山田ジャパン HEY！ポール！,2019-07-21,2019-07-19,2,1,1,23000,1,23000.0,1,1,ジャニーズJr
ジャニーズJr. ジャニーズ IsLAND Festival,2019-05-25,2019-05-21,4,1,0,30000,1,30000.0,0,0,ジャニーズJr
ジャニーズJr. ジャニーズ IsLAND Festival,2019-05-26,2019-05-25,1,1,0,34000,1,34000.0,0,0,ジャニーズJr
Kis-My-Ft2 キスマイフットツー LIVE TOUR 2019 FREE HUGS!,2019-07-12,2019-07-01,11,1,1,80000,2,40000.0,1,1,キスマイフットツー
Kis-My-Ft2 キスマイフットツー LIVE TOUR 2019 FREE HUGS!,2019-07-13,2019-06-23,20,1,1,32000,2,16000.0,1,1,キスマイフットツー
ミュージカル ドン・ジュアン,2019-09-16,2019-07-29,49,1,1,37000,2,18500.0,1,1,キスマイフットツー
美 少年 少年忍者 パパママ一番 裸の少年 夏祭り!,2019-07-19,2019-07-16,3,1,1,8000,1,8000.0,1,1,ジャニーズJr
Sexy Zone セクシーゾーン LIVE TOUR 2019 PAGES,2019-05-25,2019-05-25,0,1,0,45000,2,22500.0,0,0,セクシーゾーン
山田ジャパン HEY！ポール！,2019-07-21,2019-07-20,1,1,1,10000,1,10000.0,1,1,ジャニーズJr
美 少年 少年忍者 パパママ一番 裸の少年 夏祭り!,2019-07-24,2019-07-22,2,1,1,14000,1,14000.0,1,1,ジャニーズJr
美 少年 少年忍者 パパママ一番 裸の少年 夏祭り!,2019-07-19,2019-07-15,4,1,1,17500,2,8750.0,1,1,ジャニーズJr
HiHi Jets ７ MEN 侍 パパママ一番 裸の少年 夏祭り!,2019-08-06,2019-08-05,1,1,0,16000,2,8000.0,1,1,ジャニーズJr
Kis-My-Ft2 キスマイフットツー LIVE TOUR 2019 FREE HUGS!,2019-07-12,2019-07-11,1,1,0,16000,1,16000.0,1,1,キスマイフットツー
HAMLET ハムレット,2019-09-27,2019-07-03,86,1,1,43000,1,43000.0,1,1,セクシーゾーン
Kis-My-Ft2 キスマイフットツー LIVE TOUR 2019 FREE HUGS!,2019-06-22,2019-06-22,0,1,1,43000,2,21500.0,1,1,キスマイフットツー
ミュージカル ドン・ジュアン,2019-09-11,2019-07-25,48,1,1,45000,1,45000.0,1,1,キスマイフットツー
舞台 マラソン,2019-06-15,2019-06-04,11,1,1,15000,1,15000.0,0,0,ジャニーズJr
舞台 GOOD PEOPLE,2019-07-18,2019-07-02,16,1,1,8500,1,8500.0,1,1,ジャニーズJr
美 少年 少年忍者 パパママ一番 裸の少年 夏祭り!,2019-07-24,2019-07-22,2,1,1,22000,2,11000.0,1,1,ジャニーズJr
美 少年 少年忍者 パパママ一番 裸の少年 夏祭り! オープンライブ,2019-08-03,2019-08-02,1,1,1,78500,1,78500.0,1,1,ジャニーズJr
Kis-My-Ft2 キスマイフットツー LIVE TOUR 2019 FREE HUGS!,2019-06-23,2019-06-21,2,1,0,7500,1,7500.0,1,1,キスマイフットツー
美 少年 少年忍者 パパママ一番 裸の少年 夏祭り!,2019-07-18,2019-07-11,7,1,1,18000,2,9000.0,1,1,ジャニーズJr
美 少年 少年忍者 パパママ一番 裸の少年 夏祭り!,2019-07-31,2019-07-28,3,1,1,27000,2,13500.0,1,1,ジャニーズJr
美 少年 少年忍者 パパママ一番 裸の少年 夏祭り!,2019-07-24,2019-07-23,1,1,0,36000,1,36000.0,1,1,ジャニーズJr
Kis-My-Ft2 キスマイフットツー LIVE TOUR 2019 FREE HUGS!,2019-07-12,2019-06-27,15,1,0,23000,1,23000.0,1,1,キスマイフットツー
美 少年 少年忍者 パパママ一番 裸の少年 夏祭り!,2019-07-26,2019-07-25,1,1,0,16800,2,8400.0,1,1,ジャニーズJr
ミュージカル ドン・ジュアン,2019-09-16,2019-07-15,63,1,1,55000,2,27500.0,1,1,キスマイフットツー
Kis-My-Ft2 キスマイフットツー LIVE TOUR 2019 FREE HUGS!,2019-07-13,2019-06-23,20,1,0,30000,2,15000.0,1,1,キスマイフットツー
音楽劇 トムとジェリー 夢よもう一度,2019-08-10,2019-08-10,0,1,0,6000,1,6000.0,1,1,ジャニーズJr
Kis-My-Ft2 キスマイフットツー LIVE TOUR 2019 FREE HUGS!,2019-06-15,2019-06-03,12,1,0,29000,1,29000.0,0,0,キスマイフットツー
映画 パラレルワールド・ラブストーリー 4大都市舞台挨拶,2019-06-10,2019-06-05,5,1,0,5900,1,5900.0,0,0,キスマイフットツー
HiHi Jets ７ MEN 侍 パパママ一番 裸の少年 夏祭り!,2019-08-11,2019-08-10,1,1,1,64000,1,64000.0,1,1,ジャニーズJr
美 少年 少年忍者 パパママ一番 裸の少年 夏祭り!,2019-07-26,2019-07-25,1,1,0,40000,1,40000.0,1,1,ジャニーズJr
HiHi Jets ７ MEN 侍 パパママ一番 裸の少年 夏祭り!,2019-08-05,2019-08-05,0,1,0,18000,1,18000.0,1,1,ジャニーズJr
Kis-My-Ft2 キスマイフットツー LIVE TOUR 2019 FREE HUGS!,2019-07-12,2019-07-08,4,1,0,14000,1,14000.0,1,1,キスマイフットツー
Kis-My-Ft2 キスマイフットツー LIVE TOUR 2019 FREE HUGS!,2019-06-23,2019-06-22,1,1,0,9800,2,4900.0,1,1,キスマイフットツー
ミュージカル ドン・ジュアン,2019-08-30,2019-08-11,19,1,1,100000,2,50000.0,1,1,キスマイフットツー
HiHi Jets ジャニーズ銀座2019 Tokyo Experience,2019-05-26,2019-05-25,1,1,0,80000,1,80000.0,0,0,ジャニーズJr
美 少年 少年忍者 パパママ一番 裸の少年 夏祭り!,2019-07-18,2019-07-13,5,1,1,16000,2,8000.0,1,1,ジャニーズJr
Kis-My-Ft2 キスマイフットツー LIVE TOUR 2019 FREE HUGS!,2019-06-15,2019-06-02,13,1,1,38000,4,9500.0,0,0,キスマイフットツー
美 少年 少年忍者 パパママ一番 裸の少年 夏祭り!,2019-07-19,2019-06-19,30,1,1,12000,2,6000.0,1,1,ジャニーズJr
ジャニーズJr. 8・8祭り 東京ドームから始まる,2019-08-08,2019-08-07,1,1,0,30000,2,15000.0,1,1,ジャニーズJr
美 少年 少年忍者 パパママ一番 裸の少年 夏祭り!,2019-07-19,2019-07-16,3,1,1,20000,1,20000.0,1,1,ジャニーズJr
Kis-My-Ft2 キスマイフットツー LIVE TOUR 2019 FREE HUGS!,2019-07-12,2019-06-27,15,1,0,10000,2,5000.0,1,1,キスマイフットツー
HiHi Jets ジャニーズ銀座2019 Tokyo Experience,2019-05-24,2019-05-20,4,1,1,280000,1,280000.0,0,0,ジャニーズJr
Kis-My-Ft2 キスマイフットツー LIVE TOUR 2019 FREE HUGS!,2019-06-15,2019-06-12,3,1,1,45000,2,22500.0,0,0,キスマイフットツー
映画 パラレルワールド・ラブストーリー 4大都市舞台挨拶,2019-06-14,2019-06-10,4,1,1,22500,1,22500.0,0,0,キスマイフットツー
美 少年 少年忍者 パパママ一番 裸の少年 夏祭り!,2019-07-19,2019-06-20,29,1,1,21999,1,21999.0,1,1,ジャニーズJr
HiHi Jets ７ MEN 侍 パパママ一番 裸の少年 夏祭り! オープンライブ,2019-07-20,2019-07-06,14,1,1,55000,1,55000.0,1,1,ジャニーズJr
美 少年 少年忍者 パパママ一番 裸の少年 夏祭り!,2019-07-24,2019-07-24,0,1,0,34000,2,17000.0,1,1,ジャニーズJr
美 少年 少年忍者 パパママ一番 裸の少年 夏祭り!,2019-07-20,2019-07-19,1,1,1,32000,2,16000.0,1,1,ジャニーズJr
HAMLET ハムレット,2019-09-17,2019-07-21,58,1,1,100000,2,50000.0,1,1,セクシーゾーン
ジャニーズJr. ジャニーズ IsLAND Festival,2019-05-25,2019-05-24,1,1,0,40000,2,20000.0,0,0,ジャニーズJr
美 少年 少年忍者 パパママ一番 裸の少年 夏祭り!,2019-07-18,2019-07-11,7,1,1,16900,2,8450.0,1,1,ジャニーズJr
美 少年 少年忍者 パパママ一番 裸の少年 夏祭り!,2019-07-18,2019-07-18,0,1,0,13000,2,6500.0,1,1,ジャニーズJr
ミュージカル ドン・ジュアン,2019-09-13,2019-07-24,51,1,1,38000,2,19000.0,1,1,キスマイフットツー
美 少年 少年忍者 パパママ一番 裸の少年 夏祭り!,2019-08-02,2019-08-02,0,1,0,48000,1,48000.0,1,1,ジャニーズJr
美 少年 少年忍者 パパママ一番 裸の少年 夏祭り!,2019-07-18,2019-07-16,2,1,0,12000,2,6000.0,1,1,ジャニーズJr
HiHi Jets ジャニーズ銀座2019 Tokyo Experience,2019-05-24,2019-05-19,5,1,1,400000,1,400000.0,0,0,ジャニーズJr
Kis-My-Ft2 キスマイフットツー LIVE TOUR 2019 FREE HUGS!,2019-06-16,2019-06-03,13,1,1,13500,4,3375.0,0,0,キスマイフットツー
美 少年 少年忍者 パパママ一番 裸の少年 夏祭り!,2019-07-31,2019-07-31,0,1,0,30000,2,15000.0,1,1,ジャニーズJr
映画 パラレルワールド・ラブストーリー 4大都市舞台挨拶,2019-06-10,2019-06-07,3,1,1,11500,1,11500.0,0,0,キスマイフットツー
NEWS ニュース LIVE TOUR 2019 WORLDISTA,2019-05-18,2019-05-17,1,1,0,27500,2,13750.0,0,0,NEWS
美 少年 少年忍者 パパママ一番 裸の少年 夏祭り!,2019-07-25,2019-07-24,1,1,0,32000,2,16000.0,1,1,ジャニーズJr
HiHi Jets ７ MEN 侍 パパママ一番 裸の少年 夏祭り!,2019-08-06,2019-08-05,1,1,1,25000,1,25000.0,1,1,ジャニーズJr
7 MEN 侍 ジャニーズ銀座2019 Tokyo Experience,2019-05-30,2019-05-28,2,1,0,17000,1,17000.0,0,0,ジャニーズJr
山田ジャパン HEY！ポール！,2019-07-20,2019-07-19,1,1,1,30000,1,30000.0,1,1,ジャニーズJr
美 少年 少年忍者 パパママ一番 裸の少年 夏祭り!,2019-07-19,2019-06-22,27,1,1,15000,1,15000.0,1,1,ジャニーズJr
HiHi Jets ７ MEN 侍 パパママ一番 裸の少年 夏祭り!,2019-08-06,2019-08-05,1,1,1,32000,1,32000.0,1,1,ジャニーズJr
美 少年 少年忍者 パパママ一番 裸の少年 夏祭り!,2019-07-25,2019-07-24,1,1,0,13000,1,13000.0,1,1,ジャニーズJr
ジャニーズJr. ジャニーズ IsLAND Festival,2019-05-25,2019-05-24,1,1,0,39000,1,39000.0,0,0,ジャニーズJr
HiHi Jets ７ MEN 侍 パパママ一番 裸の少年 夏祭り! オープンライブ,2019-07-20,2019-06-30,20,1,1,28000,1,28000.0,1,1,ジャニーズJr
Sexy Zone セクシーゾーン LIVE TOUR 2019 PAGES,2019-05-18,2019-05-18,0,1,1,20000,2,10000.0,0,0,セクシーゾーン
美 少年 少年忍者 パパママ一番 裸の少年 夏祭り!,2019-07-19,2019-07-16,3,1,1,19000,1,19000.0,1,1,ジャニーズJr
HiHi Jets ７ MEN 侍 パパママ一番 裸の少年 夏祭り! オープンライブ,2019-07-20,2019-06-26,24,1,1,13000,2,6500.0,1,1,ジャニーズJr
ミュージカル ドン・ジュアン,2019-09-07,2019-08-01,37,1,1,55000,2,27500.0,1,1,キスマイフットツー
美 少年 少年忍者 パパママ一番 裸の少年 夏祭り!,2019-08-02,2019-08-02,0,1,1,53000,1,53000.0,1,1,ジャニーズJr
美 少年 少年忍者 パパママ一番 裸の少年 夏祭り!,2019-07-18,2019-06-26,22,1,1,16000,1,16000.0,1,1,ジャニーズJr
映画 パラレルワールド・ラブストーリー 4大都市舞台挨拶,2019-06-10,2019-06-07,3,1,1,110000,1,110000.0,0,0,キスマイフットツー
美 少年 少年忍者 パパママ一番 裸の少年 夏祭り!,2019-07-21,2019-07-20,1,1,1,34000,2,17000.0,1,1,ジャニーズJr
美 少年 少年忍者 パパママ一番 裸の少年 夏祭り!,2019-07-25,2019-07-23,2,1,0,15000,2,7500.0,1,1,ジャニーズJr
美 少年 少年忍者 パパママ一番 裸の少年 夏祭り!,2019-07-18,2019-07-15,3,1,1,13000,2,6500.0,1,1,ジャニーズJr
Kis-My-Ft2 キスマイフットツー LIVE TOUR 2019 FREE HUGS!,2019-06-23,2019-06-18,5,1,0,7500,2,3750.0,1,1,キスマイフットツー
HiHi Jets ジャニーズ銀座2019 Tokyo Experience,2019-05-24,2019-05-23,1,1,1,82000,1,82000.0,0,0,ジャニーズJr
美 少年 少年忍者 パパママ一番 裸の少年 夏祭り!,2019-07-19,2019-07-16,3,1,1,17000,2,8500.0,1,1,ジャニーズJr
HiHi Jets ジャニーズ銀座2019 Tokyo Experience,2019-05-26,2019-05-25,1,1,1,94000,1,94000.0,0,0,ジャニーズJr
舞台 マラソン,2019-06-11,2019-06-08,3,1,1,10000,1,10000.0,0,0,ジャニーズJr
美 少年 少年忍者 パパママ一番 裸の少年 夏祭り!,2019-08-01,2019-07-29,3,1,1,67000,1,67000.0,1,1,ジャニーズJr
HiHi Jets ７ MEN 侍 パパママ一番 裸の少年 夏祭り! オープンライブ,2019-07-20,2019-06-24,26,1,1,14500,2,7250.0,1,1,ジャニーズJr
HAMLET ハムレット,2019-09-25,2019-07-03,84,1,1,50000,1,50000.0,1,1,セクシーゾーン
ジャニーズJr. ジャニーズ IsLAND Festival,2019-05-25,2019-05-24,1,1,0,40000,1,40000.0,0,0,ジャニーズJr
Kis-My-Ft2 キスマイフットツー LIVE TOUR 2019 FREE HUGS!,2019-06-22,2019-06-17,5,1,0,6000,1,6000.0,1,1,キスマイフットツー
Kis-My-Ft2 キスマイフットツー LIVE TOUR 2019 FREE HUGS!,2019-06-22,2019-06-21,1,1,0,23500,2,11750.0,1,1,キスマイフットツー
山田ジャパン HEY！ポール！,2019-07-18,2019-07-17,1,1,0,15000,1,15000.0,1,1,ジャニーズJr
美 少年 少年忍者 パパママ一番 裸の少年 夏祭り!,2019-07-19,2019-07-16,3,1,1,28000,2,14000.0,1,1,ジャニーズJr
HAMLET ハムレット,2019-09-08,2019-06-21,79,1,1,90000,1,90000.0,1,1,セクシーゾーン
美 少年 少年忍者 パパママ一番 裸の少年 夏祭り!,2019-07-26,2019-07-25,1,1,0,17000,2,8500.0,1,1,ジャニーズJr
Kis-My-Ft2 キスマイフットツー LIVE TOUR 2019 FREE HUGS!,2019-07-12,2019-06-28,14,1,0,28000,2,14000.0,1,1,キスマイフットツー
美 少年 少年忍者 パパママ一番 裸の少年 夏祭り!,2019-07-18,2019-07-17,1,1,0,13500,2,6750.0,1,1,ジャニーズJr
Kis-My-Ft2 キスマイフットツー LIVE TOUR 2019 FREE HUGS!,2019-07-13,2019-06-26,17,1,1,38000,2,19000.0,1,1,キスマイフットツー
映画 パラレルワールド・ラブストーリー 4大都市舞台挨拶,2019-06-10,2019-06-06,4,1,0,29000,2,14500.0,0,0,キスマイフットツー
HiHi Jets ジャニーズ銀座2019 Tokyo Experience,2019-05-18,2019-05-17,1,1,0,140000,1,140000.0,0,0,ジャニーズJr
NEWS ニュース LIVE TOUR 2019 WORLDISTA,2019-05-25,2019-05-25,0,1,1,2500,4,625.0,0,0,NEWS
美 少年 少年忍者 パパママ一番 裸の少年 夏祭り!,2019-07-21,2019-07-20,1,1,1,34000,2,17000.0,1,1,ジャニーズJr
Kis-My-Ft2 キスマイフットツー LIVE TOUR 2019 FREE HUGS!,2019-06-15,2019-06-13,2,1,0,27000,2,13500.0,0,0,キスマイフットツー
美 少年 少年忍者 パパママ一番 裸の少年 夏祭り!,2019-07-24,2019-07-22,2,1,0,25000,2,12500.0,1,1,ジャニーズJr
HiHi Jets ジャニーズ銀座2019 Tokyo Experience,2019-06-01,2019-05-30,2,1,1,21000,2,10500.0,0,0,ジャニーズJr
美 少年 少年忍者 パパママ一番 裸の少年 夏祭り!,2019-07-18,2019-07-08,10,1,1,35000,1,35000.0,1,1,ジャニーズJr
Kis-My-Ft2 キスマイフットツー LIVE TOUR 2019 FREE HUGS!,2019-06-22,2019-06-19,3,1,1,20000,2,10000.0,1,1,キスマイフットツー
美 少年 少年忍者 パパママ一番 裸の少年 夏祭り!,2019-07-18,2019-07-18,0,1,0,16000,2,8000.0,1,1,ジャニーズJr
音楽劇 トムとジェリー 夢よもう一度,2019-08-03,2019-08-03,0,1,1,10000,1,10000.0,1,1,ジャニーズJr
HiHi Jets ジャニーズ銀座2019 Tokyo Experience,2019-05-18,2019-05-16,2,1,1,140000,1,140000.0,0,0,ジャニーズJr
NEWS ニュース LIVE TOUR 2019 WORLDISTA,2019-05-25,2019-05-25,0,1,1,17000,2,8500.0,0,0,NEWS
美 少年 少年忍者 パパママ一番 裸の少年 夏祭り!,2019-08-02,2019-07-31,2,1,0,27000,2,13500.0,1,1,ジャニーズJr
HiHi Jets ７ MEN 侍 パパママ一番 裸の少年 夏祭り!,2019-08-06,2019-08-04,2,1,1,385000,1,385000.0,1,1,ジャニーズJr
HAMLET ハムレット,2019-10-01,2019-08-08,54,1,1,33000,2,16500.0,1,1,セクシーゾーン
Kis-My-Ft2 キスマイフットツー LIVE TOUR 2019 FREE HUGS!,2019-06-16,2019-06-04,12,1,1,18000,2,9000.0,0,0,キスマイフットツー
美 少年 少年忍者 パパママ一番 裸の少年 夏祭り!,2019-07-18,2019-06-30,18,1,1,21999,2,10999.5,1,1,ジャニーズJr
舞台 GOOD PEOPLE,2019-07-24,2019-07-24,0,1,1,5800,1,5800.0,1,1,ジャニーズJr
Kis-My-Ft2 キスマイフットツー LIVE TOUR 2019 FREE HUGS!,2019-06-15,2019-06-15,0,1,1,40000,1,40000.0,1,1,キスマイフットツー
HiHi Jets ７ MEN 侍 パパママ一番 裸の少年 夏祭り!,2019-08-06,2019-08-04,2,1,1,100000,1,100000.0,1,1,ジャニーズJr
Kis-My-Ft2 キスマイフットツー LIVE TOUR 2019 FREE HUGS!,2019-06-22,2019-06-21,1,1,0,16000,2,8000.0,1,1,キスマイフットツー
Kis-My-Ft2 キスマイフットツー LIVE TOUR 2019 FREE HUGS!,2019-06-15,2019-06-13,2,1,0,25000,2,12500.0,0,0,キスマイフットツー
美 少年 少年忍者 パパママ一番 裸の少年 夏祭り!,2019-07-19,2019-07-15,4,1,1,9000,2,4500.0,1,1,ジャニーズJr
映画 パラレルワールド・ラブストーリー 4大都市舞台挨拶,2019-06-10,2019-06-08,2,1,1,15000,2,7500.0,0,0,キスマイフットツー
映画 パラレルワールド・ラブストーリー 4大都市舞台挨拶,2019-06-08,2019-06-07,1,1,1,5500,2,2750.0,0,0,キスマイフットツー
美 少年 少年忍者 パパママ一番 裸の少年 夏祭り!,2019-07-18,2019-07-01,17,1,0,90000,2,45000.0,1,1,ジャニーズJr
Kis-My-Ft2 キスマイフットツー LIVE TOUR 2019 FREE HUGS!,2019-07-12,2019-07-01,11,1,0,25000,1,25000.0,1,1,キスマイフットツー
ジャニーズJr. ジャニーズ IsLAND Festival,2019-05-25,2019-05-25,0,1,0,35000,1,35000.0,0,0,ジャニーズJr
美 少年 少年忍者 パパママ一番 裸の少年 夏祭り!,2019-07-18,2019-06-21,27,1,1,35000,2,17500.0,1,1,ジャニーズJr
美 少年 少年忍者 パパママ一番 裸の少年 夏祭り!,2019-07-20,2019-07-19,1,1,0,10500,2,5250.0,1,1,ジャニーズJr
HiHi Jets ７ MEN 侍 パパママ一番 裸の少年 夏祭り!,2019-08-03,2019-08-03,0,1,0,24500,1,24500.0,1,1,ジャニーズJr
美 少年 少年忍者 パパママ一番 裸の少年 夏祭り!,2019-07-21,2019-07-19,2,1,1,33000,2,16500.0,1,1,ジャニーズJr
ジャニーズJr. ジャニーズ IsLAND Festival,2019-05-25,2019-05-23,2,1,0,35000,1,35000.0,0,0,ジャニーズJr
美 少年 少年忍者 パパママ一番 裸の少年 夏祭り!,2019-07-21,2019-07-20,1,1,1,45000,1,45000.0,1,1,ジャニーズJr
美 少年 少年忍者 パパママ一番 裸の少年 夏祭り!,2019-07-18,2019-07-13,5,1,1,80000,2,40000.0,1,1,ジャニーズJr
美 少年 少年忍者 パパママ一番 裸の少年 夏祭り!,2019-07-27,2019-07-25,2,1,0,20000,2,10000.0,1,1,ジャニーズJr
HiHi Jets ジャニーズ銀座2019 Tokyo Experience,2019-05-24,2019-05-19,5,1,1,270000,1,270000.0,0,0,ジャニーズJr
美 少年 少年忍者 パパママ一番 裸の少年 夏祭り!,2019-07-19,2019-07-17,2,1,0,8000,2,4000.0,1,1,ジャニーズJr
Kis-My-Ft2 キスマイフットツー LIVE TOUR 2019 FREE HUGS!,2019-06-16,2019-06-03,13,1,1,16500,4,4125.0,0,0,キスマイフットツー
映画 パラレルワールド・ラブストーリー 4大都市舞台挨拶,2019-06-14,2019-06-08,6,1,1,36000,1,36000.0,0,0,キスマイフットツー
美 少年 少年忍者 パパママ一番 裸の少年 夏祭り!,2019-07-20,2019-06-16,34,1,1,18500,1,18500.0,1,1,ジャニーズJr
美 少年 少年忍者 パパママ一番 裸の少年 夏祭り!,2019-07-26,2019-07-25,1,1,0,16800,1,16800.0,1,1,ジャニーズJr
ジャニーズJr. 8・8祭り 東京ドームから始まる,2019-08-08,2019-08-07,1,1,1,82000,2,41000.0,1,1,ジャニーズJr
ミュージカル ドン・ジュアン,2019-09-03,2019-08-08,26,1,1,23800,2,11900.0,1,1,キスマイフットツー
美 少年 少年忍者 パパママ一番 裸の少年 夏祭り!,2019-07-26,2019-07-25,1,1,1,200000,1,200000.0,1,1,ジャニーズJr
ジャニーズJr. ジャニーズ IsLAND Festival,2019-05-26,2019-05-26,0,1,0,55000,1,55000.0,0,0,ジャニーズJr
Kis-My-Ft2 キスマイフットツー LIVE TOUR 2019 FREE HUGS!,2019-07-12,2019-06-29,13,1,0,25000,1,25000.0,1,1,キスマイフットツー
NEWS ニュース LIVE TOUR 2019 WORLDISTA,2019-05-25,2019-05-24,1,1,0,4500,1,4500.0,0,0,NEWS
美 少年 少年忍者 パパママ一番 裸の少年 夏祭り!,2019-07-19,2019-07-07,12,1,1,32500,2,16250.0,1,1,ジャニーズJr
NEWS ニュース LIVE TOUR 2019 WORLDISTA,2019-05-18,2019-05-17,1,1,0,38000,1,38000.0,0,0,NEWS
美 少年 少年忍者 パパママ一番 裸の少年 夏祭り!,2019-07-24,2019-07-23,1,1,1,29000,2,14500.0,1,1,ジャニーズJr
美 少年 少年忍者 パパママ一番 裸の少年 夏祭り!,2019-07-26,2019-07-25,1,1,0,19000,1,19000.0,1,1,ジャニーズJr
美 少年 少年忍者 パパママ一番 裸の少年 夏祭り!,2019-07-18,2019-07-10,8,1,1,40000,2,20000.0,1,1,ジャニーズJr
映画 パラレルワールド・ラブストーリー 4大都市舞台挨拶,2019-06-14,2019-06-12,2,1,1,39000,2,19500.0,0,0,キスマイフットツー
音楽劇 トムとジェリー 夢よもう一度,2019-08-10,2019-08-10,0,1,0,8000,1,8000.0,1,1,ジャニーズJr
美 少年 少年忍者 パパママ一番 裸の少年 夏祭り!,2019-07-31,2019-07-30,1,1,1,55000,1,55000.0,1,1,ジャニーズJr
Kis-My-Ft2 キスマイフットツー LIVE TOUR 2019 FREE HUGS!,2019-06-15,2019-06-15,0,1,0,7500,2,3750.0,1,1,キスマイフットツー
Sexy Zone セクシーゾーン LIVE TOUR 2019 PAGES,2019-05-18,2019-05-17,1,1,0,13000,1,13000.0,0,0,セクシーゾーン
山田ジャパン HEY！ポール！,2019-07-18,2019-07-17,1,1,1,9500,1,9500.0,1,1,ジャニーズJr
美 少年 少年忍者 パパママ一番 裸の少年 夏祭り!,2019-07-18,2019-06-29,19,1,1,28000,1,28000.0,1,1,ジャニーズJr
美 少年 少年忍者 パパママ一番 裸の少年 夏祭り!,2019-07-18,2019-06-24,24,1,1,35000,2,17500.0,1,1,ジャニーズJr
美 少年 少年忍者 パパママ一番 裸の少年 夏祭り!,2019-07-18,2019-06-19,29,1,0,19000,1,19000.0,1,1,ジャニーズJr
HiHi Jets ７ MEN 侍 パパママ一番 裸の少年 夏祭り! オープンライブ,2019-07-20,2019-06-22,28,1,1,21500,1,21500.0,1,1,ジャニーズJr
Kis-My-Ft2 キスマイフットツー LIVE TOUR 2019 FREE HUGS!,2019-06-22,2019-06-21,1,1,0,17000,2,8500.0,1,1,キスマイフットツー
7 MEN 侍 ジャニーズ銀座2019 Tokyo Experience,2019-06-02,2019-06-01,1,1,0,100000,1,100000.0,0,0,ジャニーズJr
ザ少年倶楽部（少クラ）,2019-05-20,2019-05-16,4,1,1,68000,2,34000.0,0,0,ジャニーズJr
美 少年 少年忍者 パパママ一番 裸の少年 夏祭り!,2019-07-19,2019-06-29,20,1,1,25000,2,12500.0,1,1,ジャニーズJr
美 少年 少年忍者 パパママ一番 裸の少年 夏祭り!,2019-07-19,2019-07-15,4,1,1,9000,2,4500.0,1,1,ジャニーズJr
美 少年 少年忍者 パパママ一番 裸の少年 夏祭り!,2019-07-19,2019-07-17,2,1,1,30000,1,30000.0,1,1,ジャニーズJr
音楽劇 トムとジェリー 夢よもう一度,2019-08-03,2019-08-03,0,1,1,7500,1,7500.0,1,1,ジャニーズJr
ミュージカル ドン・ジュアン,2019-08-31,2019-08-11,20,1,0,90000,1,90000.0,1,1,キスマイフットツー
美 少年 少年忍者 パパママ一番 裸の少年 夏祭り!,2019-07-19,2019-06-28,21,1,1,20000,2,10000.0,1,1,ジャニーズJr
美 少年 少年忍者 パパママ一番 裸の少年 夏祭り!,2019-07-24,2019-07-22,2,1,1,24000,1,24000.0,1,1,ジャニーズJr
映画 パラレルワールド・ラブストーリー 4大都市舞台挨拶,2019-06-08,2019-06-06,2,1,1,5500,2,2750.0,0,0,キスマイフットツー
ジャニーズJr. 8・8祭り 東京ドームから始まる,2019-08-08,2019-08-08,0,1,0,21000,1,21000.0,1,1,ジャニーズJr
美 少年 少年忍者 パパママ一番 裸の少年 夏祭り!,2019-07-20,2019-06-16,34,1,1,18500,1,18500.0,1,1,ジャニーズJr
美 少年 少年忍者 パパママ一番 裸の少年 夏祭り!,2019-07-31,2019-07-28,3,1,0,48000,1,48000.0,1,1,ジャニーズJr
ミュージカル ドン・ジュアン,2019-09-11,2019-08-01,41,1,0,19500,1,19500.0,1,1,キスマイフットツー
Kis-My-Ft2 キスマイフットツー LIVE TOUR 2019 FREE HUGS!,2019-07-12,2019-07-12,0,1,0,15000,1,15000.0,1,1,キスマイフットツー
山田ジャパン HEY！ポール！,2019-07-18,2019-06-30,18,1,0,15000,1,15000.0,1,1,ジャニーズJr
Kis-My-Ft2 キスマイフットツー LIVE TOUR 2019 FREE HUGS!,2019-06-16,2019-06-16,0,1,1,15000,1,15000.0,1,1,キスマイフットツー
NEWS ニュース LIVE TOUR 2019 WORLDISTA,2019-05-19,2019-05-19,0,1,0,29500,2,14750.0,0,0,NEWS
HiHi Jets ７ MEN 侍 パパママ一番 裸の少年 夏祭り!,2019-08-06,2019-08-05,1,1,0,19000,1,19000.0,1,1,ジャニーズJr
HAMLET ハムレット,2019-09-16,2019-06-07,101,1,1,70000,2,35000.0,0,0,セクシーゾーン
Kis-My-Ft2 キスマイフットツー LIVE TOUR 2019 FREE HUGS!,2019-07-12,2019-07-11,1,1,1,17500,2,8750.0,1,1,キスマイフットツー
HiHi Jets ジャニーズ銀座2019 Tokyo Experience,2019-05-22,2019-05-20,2,1,1,75000,1,75000.0,0,0,ジャニーズJr
Kis-My-Ft2 キスマイフットツー LIVE TOUR 2019 FREE HUGS!,2019-06-15,2019-06-04,11,1,1,25500,2,12750.0,0,0,キスマイフットツー
美 少年 少年忍者 パパママ一番 裸の少年 夏祭り!,2019-07-18,2019-07-06,12,1,0,20000,2,10000.0,1,1,ジャニーズJr
音楽劇 トムとジェリー 夢よもう一度,2019-08-04,2019-08-03,1,1,1,39000,1,39000.0,1,1,ジャニーズJr
美 少年 少年忍者 パパママ一番 裸の少年 夏祭り!,2019-07-18,2019-07-18,0,1,0,55000,1,55000.0,1,1,ジャニーズJr
美 少年 少年忍者 パパママ一番 裸の少年 夏祭り!,2019-07-19,2019-07-18,1,1,0,13500,2,6750.0,1,1,ジャニーズJr
ミュージカル ドン・ジュアン,2019-08-30,2019-08-11,19,1,1,27000,1,27000.0,1,1,キスマイフットツー
ミュージカル ドン・ジュアン,2019-09-02,2019-08-10,23,1,1,25000,2,12500.0,1,1,キスマイフットツー
Sexy Zone セクシーゾーン LIVE TOUR 2019 PAGES,2019-05-18,2019-05-18,0,1,0,15000,2,7500.0,0,0,セクシーゾーン
Kis-My-Ft2 キスマイフットツー LIVE TOUR 2019 FREE HUGS!,2019-06-15,2019-06-04,11,1,1,25000,2,12500.0,0,0,キスマイフットツー
山田ジャパン HEY！ポール！,2019-07-19,2019-06-25,24,1,1,10000,1,10000.0,1,1,ジャニーズJr
HiHi Jets ジャニーズ銀座2019 Tokyo Experience,2019-05-18,2019-05-17,1,1,0,90000,2,45000.0,0,0,ジャニーズJr
HiHi Jets ７ MEN 侍 パパママ一番 裸の少年 夏祭り! オープンライブ,2019-07-20,2019-06-24,26,1,1,13000,2,6500.0,1,1,ジャニーズJr
HiHi Jets ジャニーズ銀座2019 Tokyo Experience,2019-05-22,2019-05-17,5,1,1,70000,1,70000.0,0,0,ジャニーズJr
HiHi Jets ７ MEN 侍 パパママ一番 裸の少年 夏祭り! オープンライブ,2019-07-20,2019-06-18,32,1,1,15000,2,7500.0,1,1,ジャニーズJr
NEWS ニュース LIVE TOUR 2019 WORLDISTA,2019-05-19,2019-05-19,0,1,0,28000,2,14000.0,0,0,NEWS
美 少年 少年忍者 パパママ一番 裸の少年 夏祭り!,2019-07-21,2019-07-20,1,1,0,16000,1,16000.0,1,1,ジャニーズJr
美 少年 少年忍者 パパママ一番 裸の少年 夏祭り!,2019-07-21,2019-07-20,1,1,1,45000,1,45000.0,1,1,ジャニーズJr
美 少年 少年忍者 パパママ一番 裸の少年 夏祭り!,2019-07-26,2019-07-25,1,1,0,23000,1,23000.0,1,1,ジャニーズJr
Kis-My-Ft2 キスマイフットツー LIVE TOUR 2019 FREE HUGS!,2019-07-12,2019-07-06,6,1,1,45000,4,11250.0,1,1,キスマイフットツー
美 少年 少年忍者 パパママ一番 裸の少年 夏祭り!,2019-07-31,2019-07-29,2,1,1,360000,1,360000.0,1,1,ジャニーズJr
HAMLET ハムレット,2019-09-08,2019-07-07,63,1,1,70000,1,70000.0,1,1,セクシーゾーン
Kis-My-Ft2 キスマイフットツー LIVE TOUR 2019 FREE HUGS!,2019-07-12,2019-07-07,5,1,1,28000,2,14000.0,1,1,キスマイフットツー
HiHi Jets ジャニーズ銀座2019 Tokyo Experience,2019-05-21,2019-05-17,4,1,1,185000,1,185000.0,0,0,ジャニーズJr
HAMLET ハムレット,2019-10-05,2019-08-04,62,1,1,48000,2,24000.0,1,1,セクシーゾーン
美 少年 少年忍者 パパママ一番 裸の少年 夏祭り!,2019-08-02,2019-08-02,0,1,0,76000,1,76000.0,1,1,ジャニーズJr
Kis-My-Ft2 キスマイフットツー LIVE TOUR 2019 FREE HUGS!,2019-06-23,2019-06-21,2,1,0,7500,1,7500.0,1,1,キスマイフットツー
美 少年 少年忍者 パパママ一番 裸の少年 夏祭り!,2019-07-18,2019-07-14,4,1,1,16000,2,8000.0,1,1,ジャニーズJr
美 少年 少年忍者 パパママ一番 裸の少年 夏祭り!,2019-07-29,2019-07-28,1,1,1,45000,1,45000.0,1,1,ジャニーズJr
HAMLET ハムレット,2019-10-01,2019-06-28,95,1,1,45000,1,45000.0,1,1,セクシーゾーン
美 少年 少年忍者 パパママ一番 裸の少年 夏祭り!,2019-07-19,2019-07-16,3,1,1,13500,2,6750.0,1,1,ジャニーズJr
映画 パラレルワールド・ラブストーリー 4大都市舞台挨拶,2019-06-14,2019-06-11,3,1,1,55000,1,55000.0,0,0,キスマイフットツー
映画 パラレルワールド・ラブストーリー 4大都市舞台挨拶,2019-06-10,2019-06-08,2,1,1,11500,1,11500.0,0,0,キスマイフットツー
NEWS ニュース LIVE TOUR 2019 WORLDISTA,2019-05-19,2019-05-19,0,1,0,32000,3,10666.666666666666,0,0,NEWS
Kis-My-Ft2 キスマイフットツー LIVE TOUR 2019 FREE HUGS!,2019-06-15,2019-06-11,4,1,1,29000,1,29000.0,0,0,キスマイフットツー
HiHi Jets ジャニーズ銀座2019 Tokyo Experience,2019-05-22,2019-05-19,3,1,1,175000,1,175000.0,0,0,ジャニーズJr
Kis-My-Ft2 キスマイフットツー LIVE TOUR 2019 FREE HUGS!,2019-06-22,2019-06-19,3,1,0,40000,2,20000.0,1,1,キスマイフットツー
美 少年 少年忍者 パパママ一番 裸の少年 夏祭り!,2019-07-18,2019-07-11,7,1,1,18000,2,9000.0,1,1,ジャニーズJr
美 少年 少年忍者 パパママ一番 裸の少年 夏祭り!,2019-07-18,2019-06-11,37,1,1,50000,1,50000.0,0,0,ジャニーズJr
NEWS ニュース LIVE TOUR 2019 WORLDISTA,2019-05-25,2019-05-20,5,1,1,11000,2,5500.0,0,0,NEWS
美 少年 少年忍者 パパママ一番 裸の少年 夏祭り!,2019-07-18,2019-07-13,5,1,1,25000,2,12500.0,1,1,ジャニーズJr
美 少年 少年忍者 パパママ一番 裸の少年 夏祭り!,2019-07-20,2019-07-19,1,1,0,18000,2,9000.0,1,1,ジャニーズJr
ジャニーズJr. ジャニーズ IsLAND Festival,2019-05-25,2019-05-25,0,1,0,54999,1,54999.0,0,0,ジャニーズJr
NEWS ニュース LIVE TOUR 2019 WORLDISTA,2019-05-18,2019-05-18,0,1,0,25000,1,25000.0,0,0,NEWS
Kis-My-Ft2 キスマイフットツー LIVE TOUR 2019 FREE HUGS!,2019-07-12,2019-07-06,6,1,1,50000,2,25000.0,1,1,キスマイフットツー
音楽劇 トムとジェリー 夢よもう一度,2019-08-10,2019-08-10,0,1,0,9000,1,9000.0,1,1,ジャニーズJr
Kis-My-Ft2 キスマイフットツー LIVE TOUR 2019 FREE HUGS!,2019-06-15,2019-06-15,0,1,0,18000,1,18000.0,1,1,キスマイフットツー
美 少年 少年忍者 パパママ一番 裸の少年 夏祭り!,2019-07-26,2019-07-25,1,1,0,11000,1,11000.0,1,1,ジャニーズJr
美 少年 少年忍者 パパママ一番 裸の少年 夏祭り!,2019-07-19,2019-07-15,4,1,0,21500,1,21500.0,1,1,ジャニーズJr
HAMLET ハムレット,2019-09-08,2019-06-10,90,1,1,100000,2,50000.0,0,0,セクシーゾーン
Kis-My-Ft2 キスマイフットツー LIVE TOUR 2019 FREE HUGS!,2019-06-23,2019-06-17,6,1,1,8000,2,4000.0,1,1,キスマイフットツー
美 少年 少年忍者 パパママ一番 裸の少年 夏祭り!,2019-07-22,2019-07-21,1,1,1,50000,2,25000.0,1,1,ジャニーズJr
NEWS ニュース LIVE TOUR 2019 WORLDISTA,2019-05-25,2019-05-22,3,1,0,13000,2,6500.0,0,0,NEWS
美 少年 少年忍者 パパママ一番 裸の少年 夏祭り!,2019-08-02,2019-08-01,1,1,1,27000,1,27000.0,1,1,ジャニーズJr
美 少年 少年忍者 パパママ一番 裸の少年 夏祭り!,2019-07-20,2019-07-19,1,1,0,100000,1,100000.0,1,1,ジャニーズJr
山田ジャパン HEY！ポール！,2019-07-18,2019-06-28,20,1,1,15000,1,15000.0,1,1,ジャニーズJr
NEWS ニュース LIVE TOUR 2019 WORLDISTA,2019-05-18,2019-05-17,1,1,0,27000,1,27000.0,0,0,NEWS
美 少年 少年忍者 パパママ一番 裸の少年 夏祭り!,2019-07-19,2019-07-07,12,1,1,90000,1,90000.0,1,1,ジャニーズJr
美 少年 少年忍者 パパママ一番 裸の少年 夏祭り!,2019-07-24,2019-07-23,1,1,1,25000,1,25000.0,1,1,ジャニーズJr
NEWS ニュース LIVE TOUR 2019 WORLDISTA,2019-05-25,2019-05-22,3,1,0,13500,2,6750.0,0,0,NEWS
舞台 マラソン,2019-06-08,2019-06-01,7,1,1,10500,2,5250.0,0,0,ジャニーズJr
美 少年 少年忍者 パパママ一番 裸の少年 夏祭り!,2019-07-20,2019-06-16,34,1,1,18500,1,18500.0,1,1,ジャニーズJr
NEWS ニュース LIVE TOUR 2019 WORLDISTA,2019-05-19,2019-05-19,0,1,0,33000,1,33000.0,0,0,NEWS
美 少年 少年忍者 パパママ一番 裸の少年 夏祭り!,2019-07-24,2019-07-22,2,1,1,40000,1,40000.0,1,1,ジャニーズJr
映画 パラレルワールド・ラブストーリー 4大都市舞台挨拶,2019-06-10,2019-06-08,2,1,1,9500,1,9500.0,0,0,キスマイフットツー
HAMLET ハムレット,2019-10-13,2019-07-06,99,1,1,40000,1,40000.0,1,1,セクシーゾーン
美 少年 少年忍者 パパママ一番 裸の少年 夏祭り!,2019-07-22,2019-07-21,1,1,1,49000,2,24500.0,1,1,ジャニーズJr
Kis-My-Ft2 キスマイフットツー LIVE TOUR 2019 FREE HUGS!,2019-06-15,2019-06-11,4,1,1,26000,2,13000.0,0,0,キスマイフットツー
HiHi Jets ジャニーズ銀座2019 Tokyo Experience,2019-05-22,2019-05-19,3,1,1,98000,1,98000.0,0,0,ジャニーズJr
美 少年 少年忍者 パパママ一番 裸の少年 夏祭り!,2019-07-22,2019-07-21,1,1,1,105000,2,52500.0,1,1,ジャニーズJr
NEWS ニュース LIVE TOUR 2019 WORLDISTA,2019-05-25,2019-05-21,4,1,0,9500,1,9500.0,0,0,NEWS
HAMLET ハムレット,2019-09-18,2019-06-21,89,1,1,35000,1,35000.0,1,1,セクシーゾーン
美 少年 少年忍者 パパママ一番 裸の少年 夏祭り!,2019-08-02,2019-07-31,2,1,0,45000,2,22500.0,1,1,ジャニーズJr
Sexy Zone セクシーゾーン LIVE TOUR 2019 PAGES,2019-05-25,2019-05-20,5,1,1,55000,2,27500.0,0,0,セクシーゾーン
ジャニーズJr. 8・8祭り 東京ドームから始まる,2019-08-08,2019-08-07,1,1,0,27000,2,13500.0,1,1,ジャニーズJr
Kis-My-Ft2 キスマイフットツー LIVE TOUR 2019 FREE HUGS!,2019-06-15,2019-06-15,0,1,0,35000,1,35000.0,1,1,キスマイフットツー
HiHi Jets ７ MEN 侍 パパママ一番 裸の少年 夏祭り! オープンライブ,2019-07-20,2019-06-28,22,1,0,10500,2,5250.0,1,1,ジャニーズJr
Kis-My-Ft2 キスマイフットツー LIVE TOUR 2019 FREE HUGS!,2019-06-22,2019-06-19,3,1,0,12000,2,6000.0,1,1,キスマイフットツー
HiHi Jets ７ MEN 侍 パパママ一番 裸の少年 夏祭り! オープンライブ,2019-07-20,2019-07-01,19,1,1,10000,1,10000.0,1,1,ジャニーズJr
美 少年 少年忍者 パパママ一番 裸の少年 夏祭り!,2019-07-19,2019-06-29,20,1,1,16000,2,8000.0,1,1,ジャニーズJr
美 少年 少年忍者 パパママ一番 裸の少年 夏祭り!,2019-07-18,2019-07-18,0,1,0,40000,1,40000.0,1,1,ジャニーズJr
ジャニーズJr. ジャニーズ IsLAND Festival,2019-05-25,2019-05-24,1,1,0,32000,2,16000.0,0,0,ジャニーズJr
Sexy Zone セクシーゾーン LIVE TOUR 2019 PAGES,2019-05-25,2019-05-22,3,1,0,56000,1,56000.0,0,0,セクシーゾーン
映画 パラレルワールド・ラブストーリー 4大都市舞台挨拶,2019-06-14,2019-06-13,1,1,0,47000,1,47000.0,0,0,キスマイフットツー
HiHi Jets ジャニーズ銀座2019 Tokyo Experience,2019-05-21,2019-05-17,4,1,1,168000,1,168000.0,0,0,ジャニーズJr
美 少年 少年忍者 パパママ一番 裸の少年 夏祭り!,2019-07-25,2019-07-24,1,1,0,19000,2,9500.0,1,1,ジャニーズJr
ジャニーズJr. ジャニーズ IsLAND Festival,2019-05-25,2019-05-22,3,1,0,33000,2,16500.0,0,0,ジャニーズJr
山田ジャパン HEY！ポール！,2019-07-20,2019-07-20,0,1,1,10000,2,5000.0,1,1,ジャニーズJr
舞台 マラソン,2019-06-17,2019-06-14,3,1,1,20000,1,20000.0,1,1,ジャニーズJr
美 少年 少年忍者 パパママ一番 裸の少年 夏祭り! オープンライブ,2019-08-03,2019-08-01,2,1,1,33000,1,33000.0,1,1,ジャニーズJr
美 少年 少年忍者 パパママ一番 裸の少年 夏祭り!,2019-07-24,2019-07-24,0,1,0,17000,2,8500.0,1,1,ジャニーズJr
美 少年 少年忍者 パパママ一番 裸の少年 夏祭り!,2019-07-18,2019-07-10,8,1,0,45000,2,22500.0,1,1,ジャニーズJr
Kis-My-Ft2 キスマイフットツー LIVE TOUR 2019 FREE HUGS!,2019-06-15,2019-06-14,1,1,0,30000,1,30000.0,1,1,キスマイフットツー
HiHi Jets ジャニーズ銀座2019 Tokyo Experience,2019-05-26,2019-05-25,1,1,0,270000,1,270000.0,0,0,ジャニーズJr
映画 パラレルワールド・ラブストーリー 4大都市舞台挨拶,2019-06-10,2019-06-09,1,1,1,15000,2,7500.0,0,0,キスマイフットツー
山田ジャパン HEY！ポール！,2019-07-18,2019-06-26,22,1,1,25000,1,25000.0,1,1,ジャニーズJr
ミュージカル ドン・ジュアン,2019-09-11,2019-07-20,53,1,1,30000,2,15000.0,1,1,キスマイフットツー
ミュージカル ドン・ジュアン,2019-08-31,2019-08-11,20,1,1,90000,1,90000.0,1,1,キスマイフットツー
美 少年 少年忍者 パパママ一番 裸の少年 夏祭り!,2019-07-19,2019-07-06,13,1,1,17000,1,17000.0,1,1,ジャニーズJr
HiHi Jets ７ MEN 侍 パパママ一番 裸の少年 夏祭り!,2019-08-06,2019-08-04,2,1,0,15000,1,15000.0,1,1,ジャニーズJr
ミュージカル ドン・ジュアン,2019-08-30,2019-08-11,19,1,1,38000,1,38000.0,1,1,キスマイフットツー
HiHi Jets ジャニーズ銀座2019 Tokyo Experience,2019-05-19,2019-05-16,3,1,1,350000,1,350000.0,0,0,ジャニーズJr
美 少年 少年忍者 パパママ一番 裸の少年 夏祭り!,2019-07-19,2019-07-18,1,1,1,18000,1,18000.0,1,1,ジャニーズJr
Kis-My-Ft2 キスマイフットツー LIVE TOUR 2019 FREE HUGS!,2019-07-12,2019-07-06,6,1,0,20000,1,20000.0,1,1,キスマイフットツー
7 MEN 侍 ジャニーズ銀座2019 Tokyo Experience,2019-06-02,2019-06-01,1,1,0,135000,1,135000.0,0,0,ジャニーズJr
HAMLET ハムレット,2019-10-12,2019-06-26,108,1,1,80000,1,80000.0,1,1,セクシーゾーン
ジャニーズJr. ジャニーズ IsLAND Festival,2019-05-25,2019-05-23,2,1,0,36000,2,18000.0,0,0,ジャニーズJr
Kis-My-Ft2 キスマイフットツー LIVE TOUR 2019 FREE HUGS!,2019-06-15,2019-06-12,3,1,0,19000,1,19000.0,0,0,キスマイフットツー
山田ジャパン HEY！ポール！,2019-07-19,2019-07-03,16,1,1,20000,1,20000.0,1,1,ジャニーズJr
美 少年 少年忍者 パパママ一番 裸の少年 夏祭り!,2019-07-18,2019-07-17,1,1,0,150000,1,150000.0,1,1,ジャニーズJr
Sexy Zone セクシーゾーン LIVE TOUR 2019 PAGES,2019-05-18,2019-05-17,1,1,0,26000,2,13000.0,0,0,セクシーゾーン
美 少年 少年忍者 パパママ一番 裸の少年 夏祭り!,2019-07-18,2019-07-14,4,1,1,150000,1,150000.0,1,1,ジャニーズJr
美 少年 少年忍者 パパママ一番 裸の少年 夏祭り!,2019-07-19,2019-07-17,2,1,1,20000,1,20000.0,1,1,ジャニーズJr
音楽劇 トムとジェリー 夢よもう一度,2019-08-03,2019-08-03,0,1,1,8500,1,8500.0,1,1,ジャニーズJr
HiHi Jets ジャニーズ銀座2019 Tokyo Experience,2019-05-24,2019-05-19,5,1,1,270000,1,270000.0,0,0,ジャニーズJr
美 少年 少年忍者 パパママ一番 裸の少年 夏祭り!,2019-07-18,2019-07-05,13,1,1,60000,4,15000.0,1,1,ジャニーズJr
美 少年 少年忍者 パパママ一番 裸の少年 夏祭り!,2019-07-21,2019-07-20,1,1,1,350000,2,175000.0,1,1,ジャニーズJr
Kis-My-Ft2 キスマイフットツー LIVE TOUR 2019 FREE HUGS!,2019-07-12,2019-07-05,7,1,0,23000,2,11500.0,1,1,キスマイフットツー
美 少年 少年忍者 パパママ一番 裸の少年 夏祭り!,2019-07-31,2019-07-28,3,1,1,63000,1,63000.0,1,1,ジャニーズJr
映画 パラレルワールド・ラブストーリー 4大都市舞台挨拶,2019-06-08,2019-06-07,1,1,1,10000,1,10000.0,0,0,キスマイフットツー
HiHi Jets ジャニーズ銀座2019 Tokyo Experience,2019-05-21,2019-05-16,5,1,1,280000,1,280000.0,0,0,ジャニーズJr
美 少年 少年忍者 パパママ一番 裸の少年 夏祭り!,2019-08-02,2019-07-31,2,1,0,45000,1,45000.0,1,1,ジャニーズJr
Kis-My-Ft2 キスマイフットツー LIVE TOUR 2019 FREE HUGS!,2019-06-15,2019-06-12,3,1,1,20000,2,10000.0,0,0,キスマイフットツー
美 少年 少年忍者 パパママ一番 裸の少年 夏祭り!,2019-07-18,2019-07-16,2,1,1,13000,1,13000.0,1,1,ジャニーズJr
山田ジャパン HEY！ポール！,2019-07-20,2019-07-19,1,1,1,8500,1,8500.0,1,1,ジャニーズJr
Kis-My-Ft2 キスマイフットツー LIVE TOUR 2019 FREE HUGS!,2019-07-12,2019-07-12,0,1,0,16000,1,16000.0,1,1,キスマイフットツー
美 少年 少年忍者 パパママ一番 裸の少年 夏祭り!,2019-07-22,2019-07-21,1,1,1,29000,2,14500.0,1,1,ジャニーズJr
映画 パラレルワールド・ラブストーリー 4大都市舞台挨拶,2019-06-10,2019-06-09,1,1,1,11500,1,11500.0,0,0,キスマイフットツー
美 少年 少年忍者 パパママ一番 裸の少年 夏祭り!,2019-07-18,2019-07-17,1,1,0,11000,2,5500.0,1,1,ジャニーズJr
HiHi Jets ７ MEN 侍 パパママ一番 裸の少年 夏祭り! オープンライブ,2019-07-20,2019-06-27,23,1,1,10000,1,10000.0,1,1,ジャニーズJr
美 少年 少年忍者 パパママ一番 裸の少年 夏祭り!,2019-07-18,2019-06-14,34,1,0,16500,2,8250.0,1,1,ジャニーズJr
美 少年 少年忍者 パパママ一番 裸の少年 夏祭り!,2019-07-19,2019-06-26,23,1,1,16000,1,16000.0,1,1,ジャニーズJr
HiHi Jets ジャニーズ銀座2019 Tokyo Experience,2019-05-22,2019-05-17,5,1,1,100000,2,50000.0,0,0,ジャニーズJr
Kis-My-Ft2 キスマイフットツー LIVE TOUR 2019 FREE HUGS!,2019-07-13,2019-07-01,12,1,1,33000,2,16500.0,1,1,キスマイフットツー
Kis-My-Ft2 キスマイフットツー LIVE TOUR 2019 FREE HUGS!,2019-07-12,2019-07-04,8,1,1,24000,1,24000.0,1,1,キスマイフットツー
Sexy Zone セクシーゾーン LIVE TOUR 2019 PAGES,2019-05-25,2019-05-25,0,1,0,160000,2,80000.0,0,0,セクシーゾーン
映画 パラレルワールド・ラブストーリー 4大都市舞台挨拶,2019-06-10,2019-06-09,1,1,0,40000,1,40000.0,0,0,キスマイフットツー
舞台 マラソン,2019-06-06,2019-06-01,5,1,1,10000,2,5000.0,0,0,ジャニーズJr
Kis-My-Ft2 キスマイフットツー LIVE TOUR 2019 FREE HUGS!,2019-06-15,2019-06-03,12,1,1,35000,2,17500.0,0,0,キスマイフットツー
HiHi Jets ７ MEN 侍 パパママ一番 裸の少年 夏祭り! オープンライブ,2019-07-20,2019-06-24,26,1,1,18000,1,18000.0,1,1,ジャニーズJr
ミュージカル ドン・ジュアン,2019-09-03,2019-08-04,30,1,1,39000,1,39000.0,1,1,キスマイフットツー
ジャニーズJr. ジャニーズ IsLAND Festival,2019-05-25,2019-05-24,1,1,0,15000,1,15000.0,0,0,ジャニーズJr
山田ジャパン HEY！ポール！,2019-07-18,2019-07-01,17,1,1,14000,1,14000.0,1,1,ジャニーズJr
映画 パラレルワールド・ラブストーリー 4大都市舞台挨拶,2019-06-10,2019-06-06,4,1,1,23000,1,23000.0,0,0,キスマイフットツー
7 MEN 侍 ジャニーズ銀座2019 Tokyo Experience,2019-05-27,2019-05-26,1,1,1,78000,2,39000.0,0,0,ジャニーズJr
Sexy Zone セクシーゾーン LIVE TOUR 2019 PAGES,2019-05-18,2019-05-18,0,1,1,20000,2,10000.0,0,0,セクシーゾーン
美 少年 少年忍者 パパママ一番 裸の少年 夏祭り!,2019-07-26,2019-07-25,1,1,1,55000,1,55000.0,1,1,ジャニーズJr
HiHi Jets ジャニーズ銀座2019 Tokyo Experience,2019-05-25,2019-05-21,4,1,1,75000,1,75000.0,0,0,ジャニーズJr
映画 パラレルワールド・ラブストーリー 4大都市舞台挨拶,2019-06-10,2019-06-06,4,1,0,8000,1,8000.0,0,0,キスマイフットツー
映画 パラレルワールド・ラブストーリー 4大都市舞台挨拶,2019-06-08,2019-06-06,2,1,1,7000,1,7000.0,0,0,キスマイフットツー
美 少年 少年忍者 パパママ一番 裸の少年 夏祭り!,2019-07-24,2019-07-22,2,1,0,155000,1,155000.0,1,1,ジャニーズJr
美 少年 少年忍者 パパママ一番 裸の少年 夏祭り!,2019-07-24,2019-07-23,1,1,0,63000,1,63000.0,1,1,ジャニーズJr
美 少年 少年忍者 パパママ一番 裸の少年 夏祭り!,2019-07-30,2019-07-28,2,1,1,41000,1,41000.0,1,1,ジャニーズJr
HAMLET ハムレット,2019-10-01,2019-07-12,81,1,1,70000,1,70000.0,1,1,セクシーゾーン
美 少年 少年忍者 パパママ一番 裸の少年 夏祭り!,2019-08-02,2019-08-01,1,1,1,50000,1,50000.0,1,1,ジャニーズJr
美 少年 少年忍者 パパママ一番 裸の少年 夏祭り!,2019-07-30,2019-07-28,2,1,1,322000,1,322000.0,1,1,ジャニーズJr
映画 パラレルワールド・ラブストーリー 4大都市舞台挨拶,2019-06-14,2019-06-13,1,1,1,39000,1,39000.0,0,0,キスマイフットツー
ミュージカル ドン・ジュアン,2019-08-30,2019-08-07,23,1,1,55000,2,27500.0,1,1,キスマイフットツー
Kis-My-Ft2 キスマイフットツー LIVE TOUR 2019 FREE HUGS!,2019-06-22,2019-06-22,0,1,0,30000,1,30000.0,1,1,キスマイフットツー
美 少年 少年忍者 パパママ一番 裸の少年 夏祭り!,2019-07-18,2019-07-17,1,1,1,46000,2,23000.0,1,1,ジャニーズJr
ミュージカル ドン・ジュアン,2019-09-14,2019-07-30,46,1,0,42800,1,42800.0,1,1,キスマイフットツー
ジャニーズJr. 8・8祭り 東京ドームから始まる,2019-08-08,2019-08-08,0,1,0,22000,1,22000.0,1,1,ジャニーズJr
ジャニーズJr. 8・8祭り 東京ドームから始まる,2019-08-08,2019-08-08,0,1,0,22900,2,11450.0,1,1,ジャニーズJr
Kis-My-Ft2 キスマイフットツー LIVE TOUR 2019 FREE HUGS!,2019-06-15,2019-06-15,0,1,0,30000,1,30000.0,1,1,キスマイフットツー
HiHi Jets ７ MEN 侍 パパママ一番 裸の少年 夏祭り!,2019-08-05,2019-08-05,0,1,1,24999,1,24999.0,1,1,ジャニーズJr
美 少年 少年忍者 パパママ一番 裸の少年 夏祭り!,2019-07-24,2019-07-23,1,1,1,90000,1,90000.0,1,1,ジャニーズJr
ミュージカル ドン・ジュアン,2019-09-02,2019-08-10,23,1,1,34000,1,34000.0,1,1,キスマイフットツー
Kis-My-Ft2 キスマイフットツー LIVE TOUR 2019 FREE HUGS!,2019-06-15,2019-06-03,12,1,1,35000,2,17500.0,0,0,キスマイフットツー
ジャニーズJr. ジャニーズ IsLAND Festival,2019-05-25,2019-05-24,1,1,0,39000,2,19500.0,0,0,ジャニーズJr
NEWS ニュース LIVE TOUR 2019 WORLDISTA,2019-05-26,2019-05-25,1,1,0,9000,2,4500.0,0,0,NEWS
HiHi Jets ７ MEN 侍 パパママ一番 裸の少年 夏祭り! オープンライブ,2019-07-20,2019-07-04,16,1,0,14000,1,14000.0,1,1,ジャニーズJr
美 少年 少年忍者 パパママ一番 裸の少年 夏祭り!,2019-07-19,2019-06-27,22,1,1,16000,1,16000.0,1,1,ジャニーズJr
Kis-My-Ft2 キスマイフットツー LIVE TOUR 2019 FREE HUGS!,2019-06-15,2019-06-12,3,1,1,24500,2,12250.0,0,0,キスマイフットツー
美 少年 少年忍者 パパママ一番 裸の少年 夏祭り!,2019-07-24,2019-07-22,2,1,1,60000,1,60000.0,1,1,ジャニーズJr
HiHi Jets ジャニーズ銀座2019 Tokyo Experience,2019-05-26,2019-05-25,1,1,1,100000,2,50000.0,0,0,ジャニーズJr
Sexy Zone セクシーゾーン LIVE TOUR 2019 PAGES,2019-05-25,2019-05-23,2,1,0,30000,2,15000.0,0,0,セクシーゾーン
ザ少年倶楽部（少クラ）,2019-05-20,2019-05-19,1,1,0,58500,1,58500.0,0,0,ジャニーズJr
映画 パラレルワールド・ラブストーリー 4大都市舞台挨拶,2019-06-08,2019-06-07,1,1,1,38000,2,19000.0,0,0,キスマイフットツー
山田ジャパン HEY！ポール！,2019-07-18,2019-07-18,0,1,1,20000,2,10000.0,1,1,ジャニーズJr
映画 パラレルワールド・ラブストーリー 4大都市舞台挨拶,2019-06-10,2019-06-05,5,1,1,13000,1,13000.0,0,0,キスマイフットツー
Kis-My-Ft2 キスマイフットツー LIVE TOUR 2019 FREE HUGS!,2019-07-12,2019-07-04,8,1,0,25000,2,12500.0,1,1,キスマイフットツー
7 MEN 侍 ジャニーズ銀座2019 Tokyo Experience,2019-05-29,2019-05-29,0,1,1,100000,2,50000.0,0,0,ジャニーズJr
HAMLET ハムレット,2019-09-21,2019-08-04,48,1,0,40000,1,40000.0,1,1,セクシーゾーン
映画 パラレルワールド・ラブストーリー 4大都市舞台挨拶,2019-06-10,2019-06-06,4,1,1,30000,1,30000.0,0,0,キスマイフットツー
ザ少年倶楽部（少クラ）,2019-05-20,2019-05-20,0,1,0,63000,1,63000.0,0,0,ジャニーズJr
美 少年 少年忍者 パパママ一番 裸の少年 夏祭り!,2019-07-24,2019-07-23,1,1,0,25000,2,12500.0,1,1,ジャニーズJr
HiHi Jets ジャニーズ銀座2019 Tokyo Experience,2019-05-25,2019-05-20,5,1,0,120000,2,60000.0,0,0,ジャニーズJr
美 少年 少年忍者 パパママ一番 裸の少年 夏祭り!,2019-07-18,2019-07-11,7,1,0,3000,1,3000.0,1,1,ジャニーズJr
Kis-My-Ft2 キスマイフットツー LIVE TOUR 2019 FREE HUGS!,2019-06-15,2019-06-03,12,1,1,32000,2,16000.0,0,0,キスマイフットツー
ミュージカル ドン・ジュアン,2019-09-02,2019-07-25,39,1,1,40000,1,40000.0,1,1,キスマイフットツー
HiHi Jets ７ MEN 侍 パパママ一番 裸の少年 夏祭り!,2019-08-06,2019-08-05,1,1,0,22000,1,22000.0,1,1,ジャニーズJr
美 少年 少年忍者 パパママ一番 裸の少年 夏祭り!,2019-07-18,2019-07-11,7,1,1,24000,1,24000.0,1,1,ジャニーズJr
Kis-My-Ft2 キスマイフットツー LIVE TOUR 2019 FREE HUGS!,2019-06-22,2019-06-17,5,1,1,30000,1,30000.0,1,1,キスマイフットツー
山田ジャパン HEY！ポール！,2019-07-20,2019-07-20,0,1,0,7700,1,7700.0,1,1,ジャニーズJr
美 少年 少年忍者 パパママ一番 裸の少年 夏祭り!,2019-07-21,2019-07-20,1,1,1,30000,1,30000.0,1,1,ジャニーズJr
映画 パラレルワールド・ラブストーリー 4大都市舞台挨拶,2019-06-14,2019-06-10,4,1,1,23500,2,11750.0,0,0,キスマイフットツー
Kis-My-Ft2 キスマイフットツー LIVE TOUR 2019 FREE HUGS!,2019-07-13,2019-06-25,18,1,0,50000,4,12500.0,1,1,キスマイフットツー
映画 パラレルワールド・ラブストーリー 4大都市舞台挨拶,2019-06-10,2019-06-09,1,1,1,12000,2,6000.0,0,0,キスマイフットツー
映画 パラレルワールド・ラブストーリー 4大都市舞台挨拶,2019-06-10,2019-06-07,3,1,1,6500,1,6500.0,0,0,キスマイフットツー
Kis-My-Ft2 キスマイフットツー LIVE TOUR 2019 FREE HUGS!,2019-07-12,2019-07-06,6,1,1,35000,2,17500.0,1,1,キスマイフットツー
美 少年 少年忍者 パパママ一番 裸の少年 夏祭り!,2019-07-19,2019-07-01,18,1,1,23000,2,11500.0,1,1,ジャニーズJr
映画 パラレルワールド・ラブストーリー 4大都市舞台挨拶,2019-06-10,2019-06-08,2,1,1,14000,1,14000.0,0,0,キスマイフットツー
美 少年 少年忍者 パパママ一番 裸の少年 夏祭り!,2019-07-18,2019-07-12,6,1,1,49000,1,49000.0,1,1,ジャニーズJr
美 少年 少年忍者 パパママ一番 裸の少年 夏祭り!,2019-07-18,2019-07-08,10,1,0,15000,1,15000.0,1,1,ジャニーズJr
HAMLET ハムレット,2019-09-13,2019-07-06,69,1,1,54000,1,54000.0,1,1,セクシーゾーン
美 少年 少年忍者 パパママ一番 裸の少年 夏祭り!,2019-07-19,2019-07-06,13,1,1,13000,2,6500.0,1,1,ジャニーズJr
美 少年 少年忍者 パパママ一番 裸の少年 夏祭り!,2019-07-18,2019-07-08,10,1,0,14000,2,7000.0,1,1,ジャニーズJr
美 少年 少年忍者 パパママ一番 裸の少年 夏祭り!,2019-07-26,2019-07-25,1,1,0,23000,1,23000.0,1,1,ジャニーズJr
映画 パラレルワールド・ラブストーリー 4大都市舞台挨拶,2019-06-10,2019-06-07,3,1,1,22000,2,11000.0,0,0,キスマイフットツー
美 少年 少年忍者 パパママ一番 裸の少年 夏祭り!,2019-07-19,2019-07-18,1,1,1,7500,2,3750.0,1,1,ジャニーズJr
美 少年 少年忍者 パパママ一番 裸の少年 夏祭り!,2019-07-19,2019-07-02,17,1,1,18000,1,18000.0,1,1,ジャニーズJr
音楽劇 トムとジェリー 夢よもう一度,2019-08-04,2019-08-03,1,1,1,13000,1,13000.0,1,1,ジャニーズJr
美 少年 少年忍者 パパママ一番 裸の少年 夏祭り!,2019-07-31,2019-07-31,0,1,0,40000,2,20000.0,1,1,ジャニーズJr
ミュージカル ドン・ジュアン,2019-09-06,2019-07-22,46,1,1,42000,2,21000.0,1,1,キスマイフットツー
美 少年 少年忍者 パパママ一番 裸の少年 夏祭り!,2019-07-22,2019-07-21,1,1,1,29000,2,14500.0,1,1,ジャニーズJr
HiHi Jets ジャニーズ銀座2019 Tokyo Experience,2019-05-22,2019-05-21,1,1,1,90000,1,90000.0,0,0,ジャニーズJr
美 少年 少年忍者 パパママ一番 裸の少年 夏祭り!,2019-07-18,2019-07-16,2,1,0,11000,2,5500.0,1,1,ジャニーズJr
HiHi Jets ７ MEN 侍 パパママ一番 裸の少年 夏祭り!,2019-08-12,2019-08-11,1,1,0,30000,1,30000.0,1,1,ジャニーズJr
HiHi Jets ７ MEN 侍 パパママ一番 裸の少年 夏祭り!,2019-08-05,2019-08-04,1,1,1,40000,1,40000.0,1,1,ジャニーズJr
Sexy Zone セクシーゾーン LIVE TOUR 2019 PAGES,2019-05-18,2019-05-18,0,1,0,25500,2,12750.0,0,0,セクシーゾーン
ザ少年倶楽部（少クラ）,2019-05-20,2019-05-17,3,1,0,59000,1,59000.0,0,0,ジャニーズJr
舞台 GOOD PEOPLE,2019-07-24,2019-07-24,0,1,1,5800,1,5800.0,1,1,ジャニーズJr
美 少年 少年忍者 パパママ一番 裸の少年 夏祭り!,2019-07-18,2019-07-16,2,1,0,13500,2,6750.0,1,1,ジャニーズJr
Kis-My-Ft2 キスマイフットツー LIVE TOUR 2019 FREE HUGS!,2019-07-12,2019-07-01,11,1,0,25000,2,12500.0,1,1,キスマイフットツー
Kis-My-Ft2 キスマイフットツー LIVE TOUR 2019 FREE HUGS!,2019-07-13,2019-06-24,19,1,0,35000,2,17500.0,1,1,キスマイフットツー
ミュージカル ドン・ジュアン,2019-09-18,2019-07-15,65,1,1,50000,1,50000.0,1,1,キスマイフットツー
美 少年 少年忍者 パパママ一番 裸の少年 夏祭り!,2019-07-24,2019-07-24,0,1,0,36000,1,36000.0,1,1,ジャニーズJr
HAMLET ハムレット,2019-10-13,2019-07-12,93,1,1,37000,1,37000.0,1,1,セクシーゾーン
ザ少年倶楽部（少クラ）,2019-05-20,2019-05-20,0,1,0,62500,1,62500.0,0,0,ジャニーズJr
HiHi Jets ７ MEN 侍 パパママ一番 裸の少年 夏祭り!,2019-08-06,2019-08-05,1,1,1,35000,2,17500.0,1,1,ジャニーズJr
美 少年 少年忍者 パパママ一番 裸の少年 夏祭り!,2019-07-19,2019-07-02,17,1,1,23000,2,11500.0,1,1,ジャニーズJr
HiHi Jets ジャニーズ銀座2019 Tokyo Experience,2019-05-24,2019-05-22,2,1,1,200000,1,200000.0,0,0,ジャニーズJr
Kis-My-Ft2 キスマイフットツー LIVE TOUR 2019 FREE HUGS!,2019-07-12,2019-07-06,6,1,0,25000,2,12500.0,1,1,キスマイフットツー
ジャニーズJr. 8・8祭り 東京ドームから始まる,2019-08-08,2019-08-08,0,1,0,21000,2,10500.0,1,1,ジャニーズJr
舞台 マラソン,2019-06-09,2019-06-06,3,1,1,8000,1,8000.0,0,0,ジャニーズJr
ジャニーズJr. ジャニーズ IsLAND Festival,2019-05-25,2019-05-23,2,1,0,35000,1,35000.0,0,0,ジャニーズJr
HiHi Jets ジャニーズ銀座2019 Tokyo Experience,2019-05-22,2019-05-20,2,1,1,110000,2,55000.0,0,0,ジャニーズJr
Kis-My-Ft2 キスマイフットツー LIVE TOUR 2019 FREE HUGS!,2019-06-15,2019-06-12,3,1,0,19000,1,19000.0,0,0,キスマイフットツー
美 少年 少年忍者 パパママ一番 裸の少年 夏祭り!,2019-07-18,2019-06-30,18,1,1,15000,1,15000.0,1,1,ジャニーズJr
美 少年 少年忍者 パパママ一番 裸の少年 夏祭り!,2019-07-18,2019-07-13,5,1,1,18000,1,18000.0,1,1,ジャニーズJr
映画 パラレルワールド・ラブストーリー 4大都市舞台挨拶,2019-06-10,2019-06-06,4,1,1,18000,2,9000.0,0,0,キスマイフットツー
美 少年 少年忍者 パパママ一番 裸の少年 夏祭り!,2019-07-19,2019-07-18,1,1,0,7300,2,3650.0,1,1,ジャニーズJr
ミュージカル ドン・ジュアン,2019-08-30,2019-08-05,25,1,1,31000,1,31000.0,1,1,キスマイフットツー
映画 パラレルワールド・ラブストーリー 4大都市舞台挨拶,2019-06-10,2019-06-09,1,1,0,7000,1,7000.0,0,0,キスマイフットツー
HiHi Jets ７ MEN 侍 パパママ一番 裸の少年 夏祭り!,2019-08-04,2019-08-03,1,1,1,23000,1,23000.0,1,1,ジャニーズJr
Kis-My-Ft2 キスマイフットツー LIVE TOUR 2019 FREE HUGS!,2019-06-15,2019-06-11,4,1,0,18000,1,18000.0,0,0,キスマイフットツー
HAMLET ハムレット,2019-09-28,2019-08-05,54,1,1,48000,1,48000.0,1,1,セクシーゾーン
Kis-My-Ft2 キスマイフットツー LIVE TOUR 2019 FREE HUGS!,2019-06-15,2019-06-04,11,1,1,38000,1,38000.0,0,0,キスマイフットツー
美 少年 少年忍者 パパママ一番 裸の少年 夏祭り!,2019-07-19,2019-06-29,20,1,1,28000,2,14000.0,1,1,ジャニーズJr
美 少年 少年忍者 パパママ一番 裸の少年 夏祭り!,2019-07-31,2019-07-29,2,1,1,40000,2,20000.0,1,1,ジャニーズJr
美 少年 少年忍者 パパママ一番 裸の少年 夏祭り!,2019-07-18,2019-07-17,1,1,0,18000,1,18000.0,1,1,ジャニーズJr
Kis-My-Ft2 キスマイフットツー LIVE TOUR 2019 FREE HUGS!,2019-07-12,2019-07-06,6,1,1,19000,2,9500.0,1,1,キスマイフットツー
美 少年 少年忍者 パパママ一番 裸の少年 夏祭り!,2019-07-24,2019-07-22,2,1,1,18000,2,9000.0,1,1,ジャニーズJr
Kis-My-Ft2 キスマイフットツー LIVE TOUR 2019 FREE HUGS!,2019-06-16,2019-06-04,12,1,1,19000,2,9500.0,0,0,キスマイフットツー
映画 パラレルワールド・ラブストーリー 4大都市舞台挨拶,2019-06-10,2019-06-09,1,1,0,20000,2,10000.0,0,0,キスマイフットツー
美 少年 少年忍者 パパママ一番 裸の少年 夏祭り!,2019-07-29,2019-07-28,1,1,0,20000,2,10000.0,1,1,ジャニーズJr
HiHi Jets ７ MEN 侍 パパママ一番 裸の少年 夏祭り!,2019-08-11,2019-08-10,1,1,0,32000,1,32000.0,1,1,ジャニーズJr
美 少年 少年忍者 パパママ一番 裸の少年 夏祭り!,2019-08-02,2019-07-30,3,1,0,29000,1,29000.0,1,1,ジャニーズJr
美 少年 少年忍者 パパママ一番 裸の少年 夏祭り!,2019-07-22,2019-07-20,2,1,1,28000,2,14000.0,1,1,ジャニーズJr
美 少年 少年忍者 パパママ一番 裸の少年 夏祭り!,2019-07-20,2019-07-19,1,1,1,25000,1,25000.0,1,1,ジャニーズJr
Kis-My-Ft2 キスマイフットツー LIVE TOUR 2019 FREE HUGS!,2019-07-13,2019-06-23,20,1,1,45000,1,45000.0,1,1,キスマイフットツー
HiHi Jets ジャニーズ銀座2019 Tokyo Experience,2019-05-18,2019-05-16,2,1,1,95000,1,95000.0,0,0,ジャニーズJr
美 少年 少年忍者 パパママ一番 裸の少年 夏祭り!,2019-07-20,2019-07-19,1,1,0,27000,1,27000.0,1,1,ジャニーズJr
Kis-My-Ft2 キスマイフットツー LIVE TOUR 2019 FREE HUGS!,2019-06-16,2019-06-03,13,1,0,18000,2,9000.0,0,0,キスマイフットツー
美 少年 少年忍者 パパママ一番 裸の少年 夏祭り!,2019-07-31,2019-07-31,0,1,0,28000,1,28000.0,1,1,ジャニーズJr
NEWS ニュース LIVE TOUR 2019 WORLDISTA,2019-05-18,2019-05-18,0,1,0,26800,2,13400.0,0,0,NEWS
ミュージカル ドン・ジュアン,2019-08-30,2019-08-11,19,1,1,22500,1,22500.0,1,1,キスマイフットツー
美 少年 少年忍者 パパママ一番 裸の少年 夏祭り!,2019-08-01,2019-07-30,2,1,0,32000,1,32000.0,1,1,ジャニーズJr
美 少年 少年忍者 パパママ一番 裸の少年 夏祭り!,2019-07-19,2019-06-30,19,1,1,25000,2,12500.0,1,1,ジャニーズJr
美 少年 少年忍者 パパママ一番 裸の少年 夏祭り!,2019-08-02,2019-07-30,3,1,1,30000,1,30000.0,1,1,ジャニーズJr
美 少年 少年忍者 パパママ一番 裸の少年 夏祭り!,2019-08-01,2019-07-30,2,1,1,34000,2,17000.0,1,1,ジャニーズJr
Kis-My-Ft2 キスマイフットツー LIVE TOUR 2019 FREE HUGS!,2019-06-15,2019-06-13,2,1,0,16000,2,8000.0,0,0,キスマイフットツー
7 MEN 侍 ジャニーズ銀座2019 Tokyo Experience,2019-06-01,2019-05-31,1,1,0,105000,2,52500.0,0,0,ジャニーズJr
HiHi Jets ７ MEN 侍 パパママ一番 裸の少年 夏祭り! オープンライブ,2019-07-20,2019-06-19,31,1,1,20000,1,20000.0,1,1,ジャニーズJr
映画 パラレルワールド・ラブストーリー 4大都市舞台挨拶,2019-06-10,2019-06-07,3,1,1,60000,1,60000.0,0,0,キスマイフットツー
美 少年 少年忍者 パパママ一番 裸の少年 夏祭り!,2019-07-18,2019-06-17,31,1,0,19000,2,9500.0,1,1,ジャニーズJr
美 少年 少年忍者 パパママ一番 裸の少年 夏祭り!,2019-07-18,2019-07-13,5,1,1,17000,1,17000.0,1,1,ジャニーズJr
美 少年 少年忍者 パパママ一番 裸の少年 夏祭り!,2019-07-19,2019-07-12,7,1,1,8000,1,8000.0,1,1,ジャニーズJr
美 少年 少年忍者 パパママ一番 裸の少年 夏祭り!,2019-07-22,2019-07-20,2,1,1,25000,2,12500.0,1,1,ジャニーズJr
HAMLET ハムレット,2019-09-21,2019-07-30,53,1,1,25000,2,12500.0,1,1,セクシーゾーン
美 少年 少年忍者 パパママ一番 裸の少年 夏祭り!,2019-07-27,2019-07-25,2,1,1,80000,1,80000.0,1,1,ジャニーズJr
山田ジャパン HEY！ポール！,2019-07-21,2019-07-19,2,1,0,9500,1,9500.0,1,1,ジャニーズJr
ジャニーズJr. 8・8祭り 東京ドームから始まる,2019-08-08,2019-08-07,1,1,1,22000,4,5500.0,1,1,ジャニーズJr
Kis-My-Ft2 キスマイフットツー LIVE TOUR 2019 FREE HUGS!,2019-06-16,2019-06-16,0,1,0,12800,1,12800.0,1,1,キスマイフットツー
Kis-My-Ft2 キスマイフットツー LIVE TOUR 2019 FREE HUGS!,2019-06-15,2019-06-14,1,1,0,22000,2,11000.0,1,1,キスマイフットツー
美 少年 少年忍者 パパママ一番 裸の少年 夏祭り!,2019-07-18,2019-07-10,8,1,0,18000,2,9000.0,1,1,ジャニーズJr
映画 パラレルワールド・ラブストーリー 4大都市舞台挨拶,2019-06-10,2019-06-05,5,1,1,15000,1,15000.0,0,0,キスマイフットツー
美 少年 少年忍者 パパママ一番 裸の少年 夏祭り!,2019-07-18,2019-07-10,8,1,1,18000,2,9000.0,1,1,ジャニーズJr
映画 パラレルワールド・ラブストーリー 4大都市舞台挨拶,2019-06-08,2019-06-05,3,1,1,5000,1,5000.0,0,0,キスマイフットツー
7 MEN 侍 ジャニーズ銀座2019 Tokyo Experience,2019-06-02,2019-05-30,3,1,1,83000,2,41500.0,0,0,ジャニーズJr
美 少年 少年忍者 パパママ一番 裸の少年 夏祭り!,2019-07-18,2019-06-18,30,1,1,21500,2,10750.0,1,1,ジャニーズJr
Kis-My-Ft2 キスマイフットツー LIVE TOUR 2019 FREE HUGS!,2019-07-12,2019-07-01,11,1,0,23000,2,11500.0,1,1,キスマイフットツー
山田ジャパン HEY！ポール！,2019-07-18,2019-07-13,5,1,1,13000,1,13000.0,1,1,ジャニーズJr
美 少年 少年忍者 パパママ一番 裸の少年 夏祭り!,2019-07-18,2019-06-30,18,1,1,28000,1,28000.0,1,1,ジャニーズJr
美 少年 少年忍者 パパママ一番 裸の少年 夏祭り!,2019-08-02,2019-08-02,0,1,0,69000,1,69000.0,1,1,ジャニーズJr
Kis-My-Ft2 キスマイフットツー LIVE TOUR 2019 FREE HUGS!,2019-06-22,2019-06-21,1,1,0,30000,1,30000.0,1,1,キスマイフットツー
美 少年 少年忍者 パパママ一番 裸の少年 夏祭り!,2019-07-19,2019-06-27,22,1,1,50000,2,25000.0,1,1,ジャニーズJr
HiHi Jets ７ MEN 侍 パパママ一番 裸の少年 夏祭り! オープンライブ,2019-07-20,2019-06-23,27,1,0,12400,1,12400.0,1,1,ジャニーズJr
美 少年 少年忍者 パパママ一番 裸の少年 夏祭り!,2019-08-01,2019-07-30,2,1,0,60000,2,30000.0,1,1,ジャニーズJr
美 少年 少年忍者 パパママ一番 裸の少年 夏祭り!,2019-07-18,2019-07-11,7,1,0,250000,1,250000.0,1,1,ジャニーズJr
美 少年 少年忍者 パパママ一番 裸の少年 夏祭り!,2019-07-24,2019-07-23,1,1,0,16000,1,16000.0,1,1,ジャニーズJr
美 少年 少年忍者 パパママ一番 裸の少年 夏祭り!,2019-07-18,2019-06-19,29,1,0,19000,2,9500.0,1,1,ジャニーズJr
HAMLET ハムレット,2019-09-10,2019-07-08,64,1,1,43000,1,43000.0,1,1,セクシーゾーン
美 少年 少年忍者 パパママ一番 裸の少年 夏祭り!,2019-08-01,2019-07-30,2,1,1,40000,1,40000.0,1,1,ジャニーズJr
HiHi Jets ジャニーズ銀座2019 Tokyo Experience,2019-05-22,2019-05-20,2,1,0,80000,2,40000.0,0,0,ジャニーズJr
7 MEN 侍 ジャニーズ銀座2019 Tokyo Experience,2019-05-29,2019-05-28,1,1,1,90000,1,90000.0,0,0,ジャニーズJr
舞台 GOOD PEOPLE,2019-07-24,2019-07-24,0,1,1,5800,1,5800.0,1,1,ジャニーズJr
ミュージカル ドン・ジュアン,2019-08-31,2019-07-30,32,1,1,40000,1,40000.0,1,1,キスマイフットツー
HiHi Jets ７ MEN 侍 パパママ一番 裸の少年 夏祭り!,2019-08-06,2019-08-04,2,1,0,14000,1,14000.0,1,1,ジャニーズJr
美 少年 少年忍者 パパママ一番 裸の少年 夏祭り!,2019-07-19,2019-06-23,26,1,1,20000,1,20000.0,1,1,ジャニーズJr
HiHi Jets ジャニーズ銀座2019 Tokyo Experience,2019-05-22,2019-05-16,6,1,1,100000,1,100000.0,0,0,ジャニーズJr
HiHi Jets ジャニーズ銀座2019 Tokyo Experience,2019-05-25,2019-05-22,3,1,1,140000,1,140000.0,0,0,ジャニーズJr
山田ジャパン HEY！ポール！,2019-07-18,2019-06-29,19,1,1,18500,1,18500.0,1,1,ジャニーズJr
美 少年 少年忍者 パパママ一番 裸の少年 夏祭り!,2019-07-18,2019-07-13,5,1,1,38000,2,19000.0,1,1,ジャニーズJr
HiHi Jets ７ MEN 侍 パパママ一番 裸の少年 夏祭り! オープンライブ,2019-07-20,2019-06-26,24,1,1,11950,1,11950.0,1,1,ジャニーズJr
ジャニーズJr. ジャニーズ IsLAND Festival,2019-05-25,2019-05-24,1,1,0,35000,1,35000.0,0,0,ジャニーズJr
映画 パラレルワールド・ラブストーリー 4大都市舞台挨拶,2019-06-10,2019-06-06,4,1,0,7000,1,7000.0,0,0,キスマイフットツー
HiHi Jets ７ MEN 侍 パパママ一番 裸の少年 夏祭り!,2019-08-05,2019-08-05,0,1,0,24000,1,24000.0,1,1,ジャニーズJr
ジャニーズJr. ジャニーズ IsLAND Festival,2019-05-25,2019-05-23,2,1,0,35000,2,17500.0,0,0,ジャニーズJr
映画 パラレルワールド・ラブストーリー 4大都市舞台挨拶,2019-06-10,2019-06-09,1,1,0,6000,1,6000.0,0,0,キスマイフットツー
美 少年 少年忍者 パパママ一番 裸の少年 夏祭り!,2019-07-24,2019-07-23,1,1,1,17999,2,8999.5,1,1,ジャニーズJr
映画 パラレルワールド・ラブストーリー 4大都市舞台挨拶,2019-06-10,2019-06-05,5,1,1,18000,1,18000.0,0,0,キスマイフットツー
美 少年 少年忍者 パパママ一番 裸の少年 夏祭り!,2019-07-19,2019-06-29,20,1,0,28000,2,14000.0,1,1,ジャニーズJr
Kis-My-Ft2 キスマイフットツー LIVE TOUR 2019 FREE HUGS!,2019-07-12,2019-07-07,5,1,1,17500,2,8750.0,1,1,キスマイフットツー
HiHi Jets ７ MEN 侍 パパママ一番 裸の少年 夏祭り! オープンライブ,2019-07-20,2019-06-22,28,1,1,14000,2,7000.0,1,1,ジャニーズJr
Kis-My-Ft2 キスマイフットツー LIVE TOUR 2019 FREE HUGS!,2019-06-16,2019-06-16,0,1,0,12500,2,6250.0,1,1,キスマイフットツー
美 少年 少年忍者 パパママ一番 裸の少年 夏祭り!,2019-07-18,2019-06-17,31,1,1,80000,4,20000.0,1,1,ジャニーズJr
美 少年 少年忍者 パパママ一番 裸の少年 夏祭り!,2019-07-22,2019-07-21,1,1,0,13000,2,6500.0,1,1,ジャニーズJr
HiHi Jets ジャニーズ銀座2019 Tokyo Experience,2019-05-22,2019-05-22,0,1,1,110000,1,110000.0,0,0,ジャニーズJr
美 少年 少年忍者 パパママ一番 裸の少年 夏祭り!,2019-07-19,2019-07-17,2,1,1,7500,1,7500.0,1,1,ジャニーズJr
美 少年 少年忍者 パパママ一番 裸の少年 夏祭り!,2019-07-25,2019-07-24,1,1,0,19000,2,9500.0,1,1,ジャニーズJr
Kis-My-Ft2 キスマイフットツー LIVE TOUR 2019 FREE HUGS!,2019-07-12,2019-06-25,17,1,1,16000,2,8000.0,1,1,キスマイフットツー
HiHi Jets ジャニーズ銀座2019 Tokyo Experience,2019-05-19,2019-05-16,3,1,1,168000,1,168000.0,0,0,ジャニーズJr
美 少年 少年忍者 パパママ一番 裸の少年 夏祭り!,2019-07-18,2019-07-14,4,1,1,40000,2,20000.0,1,1,ジャニーズJr
Kis-My-Ft2 キスマイフットツー LIVE TOUR 2019 FREE HUGS!,2019-07-12,2019-07-06,6,1,0,20000,1,20000.0,1,1,キスマイフットツー
Kis-My-Ft2 キスマイフットツー LIVE TOUR 2019 FREE HUGS!,2019-06-15,2019-06-04,11,1,1,30000,1,30000.0,0,0,キスマイフットツー
Kis-My-Ft2 キスマイフットツー LIVE TOUR 2019 FREE HUGS!,2019-07-13,2019-06-29,14,1,1,35000,2,17500.0,1,1,キスマイフットツー
HiHi Jets ７ MEN 侍 パパママ一番 裸の少年 夏祭り! オープンライブ,2019-07-20,2019-06-29,21,1,1,11000,2,5500.0,1,1,ジャニーズJr
HiHi Jets ７ MEN 侍 パパママ一番 裸の少年 夏祭り! オープンライブ,2019-07-20,2019-06-23,27,1,0,12400,1,12400.0,1,1,ジャニーズJr
ミュージカル ドン・ジュアン,2019-08-30,2019-08-10,20,1,1,47500,1,47500.0,1,1,キスマイフットツー
映画 パラレルワールド・ラブストーリー 4大都市舞台挨拶,2019-06-10,2019-06-08,2,1,0,6800,1,6800.0,0,0,キスマイフットツー
美 少年 少年忍者 パパママ一番 裸の少年 夏祭り!,2019-07-24,2019-07-23,1,1,0,12000,2,6000.0,1,1,ジャニーズJr
美 少年 少年忍者 パパママ一番 裸の少年 夏祭り!,2019-07-19,2019-07-17,2,1,1,8500,1,8500.0,1,1,ジャニーズJr
Kis-My-Ft2 キスマイフットツー LIVE TOUR 2019 FREE HUGS!,2019-06-23,2019-06-18,5,1,0,7000,1,7000.0,1,1,キスマイフットツー
Sexy Zone セクシーゾーン LIVE TOUR 2019 PAGES,2019-05-19,2019-05-19,0,1,0,26000,2,13000.0,0,0,セクシーゾーン
NEWS ニュース LIVE TOUR 2019 WORLDISTA,2019-05-26,2019-05-25,1,1,0,10000,2,5000.0,0,0,NEWS
ジャニーズJr. 8・8祭り 東京ドームから始まる,2019-08-08,2019-08-07,1,1,0,27000,2,13500.0,1,1,ジャニーズJr
美 少年 少年忍者 パパママ一番 裸の少年 夏祭り!,2019-08-02,2019-08-02,0,1,0,45000,1,45000.0,1,1,ジャニーズJr
Kis-My-Ft2 キスマイフットツー LIVE TOUR 2019 FREE HUGS!,2019-06-15,2019-06-13,2,1,0,15000,1,15000.0,0,0,キスマイフットツー
映画 パラレルワールド・ラブストーリー 4大都市舞台挨拶,2019-06-10,2019-06-06,4,1,0,30000,1,30000.0,0,0,キスマイフットツー
ジャニーズJr. ジャニーズ IsLAND Festival,2019-05-25,2019-05-24,1,1,0,33000,2,16500.0,0,0,ジャニーズJr
映画 パラレルワールド・ラブストーリー 4大都市舞台挨拶,2019-06-10,2019-06-09,1,1,1,89000,1,89000.0,0,0,キスマイフットツー
美 少年 少年忍者 パパママ一番 裸の少年 夏祭り!,2019-07-24,2019-07-22,2,1,1,20000,1,20000.0,1,1,ジャニーズJr
美 少年 少年忍者 パパママ一番 裸の少年 夏祭り!,2019-07-19,2019-06-18,31,1,0,14000,1,14000.0,1,1,ジャニーズJr
舞台 マラソン,2019-06-06,2019-06-05,1,1,1,20000,1,20000.0,0,0,ジャニーズJr
美 少年 少年忍者 パパママ一番 裸の少年 夏祭り!,2019-07-18,2019-06-17,31,1,1,21999,2,10999.5,1,1,ジャニーズJr
HAMLET ハムレット,2019-10-09,2019-07-15,86,1,1,100000,1,100000.0,1,1,セクシーゾーン
HAMLET ハムレット,2019-09-10,2019-06-23,79,1,1,41000,1,41000.0,1,1,セクシーゾーン
HiHi Jets ７ MEN 侍 パパママ一番 裸の少年 夏祭り!,2019-08-05,2019-08-05,0,1,1,120000,1,120000.0,1,1,ジャニーズJr
美 少年 少年忍者 パパママ一番 裸の少年 夏祭り!,2019-07-18,2019-07-13,5,1,0,89000,1,89000.0,1,1,ジャニーズJr
Kis-My-Ft2 キスマイフットツー LIVE TOUR 2019 FREE HUGS!,2019-06-22,2019-06-20,2,1,1,30000,1,30000.0,1,1,キスマイフットツー
美 少年 少年忍者 パパママ一番 裸の少年 夏祭り!,2019-07-18,2019-06-22,26,1,1,80000,4,20000.0,1,1,ジャニーズJr
Kis-My-Ft2 キスマイフットツー LIVE TOUR 2019 FREE HUGS!,2019-06-15,2019-06-15,0,1,0,30000,1,30000.0,1,1,キスマイフットツー
HAMLET ハムレット,2019-09-21,2019-06-24,89,1,1,35500,2,17750.0,1,1,セクシーゾーン
音楽劇 トムとジェリー 夢よもう一度,2019-08-03,2019-08-02,1,1,1,5000,1,5000.0,1,1,ジャニーズJr
ジャニーズJr. 8・8祭り 東京ドームから始まる,2019-08-08,2019-08-08,0,1,0,21500,2,10750.0,1,1,ジャニーズJr
NEWS ニュース LIVE TOUR 2019 WORLDISTA,2019-05-25,2019-05-20,5,1,1,18000,2,9000.0,0,0,NEWS
美 少年 少年忍者 パパママ一番 裸の少年 夏祭り!,2019-07-19,2019-07-07,12,1,1,25000,2,12500.0,1,1,ジャニーズJr
ザ少年倶楽部（少クラ）,2019-05-20,2019-05-16,4,1,0,58000,1,58000.0,0,0,ジャニーズJr
美 少年 少年忍者 パパママ一番 裸の少年 夏祭り!,2019-07-26,2019-07-25,1,1,0,39500,1,39500.0,1,1,ジャニーズJr
美 少年 少年忍者 パパママ一番 裸の少年 夏祭り!,2019-07-20,2019-06-11,39,1,1,20000,1,20000.0,0,0,ジャニーズJr
ジャニーズJr. ジャニーズ IsLAND Festival,2019-05-25,2019-05-24,1,1,0,37000,2,18500.0,0,0,ジャニーズJr
NEWS ニュース LIVE TOUR 2019 WORLDISTA,2019-05-25,2019-05-20,5,1,1,13000,2,6500.0,0,0,NEWS
美 少年 少年忍者 パパママ一番 裸の少年 夏祭り!,2019-07-22,2019-07-21,1,1,0,67000,2,33500.0,1,1,ジャニーズJr
Kis-My-Ft2 キスマイフットツー LIVE TOUR 2019 FREE HUGS!,2019-06-15,2019-06-11,4,1,0,28000,2,14000.0,0,0,キスマイフットツー
美 少年 少年忍者 パパママ一番 裸の少年 夏祭り!,2019-08-01,2019-08-01,0,1,0,38900,1,38900.0,1,1,ジャニーズJr
ミュージカル ドン・ジュアン,2019-09-08,2019-08-03,36,1,1,35000,2,17500.0,1,1,キスマイフットツー
美 少年 少年忍者 パパママ一番 裸の少年 夏祭り!,2019-07-18,2019-07-10,8,1,1,40000,2,20000.0,1,1,ジャニーズJr
美 少年 少年忍者 パパママ一番 裸の少年 夏祭り!,2019-07-19,2019-07-08,11,1,0,14000,2,7000.0,1,1,ジャニーズJr
美 少年 少年忍者 パパママ一番 裸の少年 夏祭り!,2019-07-19,2019-06-18,31,1,1,23000,1,23000.0,1,1,ジャニーズJr
Kis-My-Ft2 キスマイフットツー LIVE TOUR 2019 FREE HUGS!,2019-06-15,2019-06-12,3,1,0,25000,1,25000.0,0,0,キスマイフットツー
美 少年 少年忍者 パパママ一番 裸の少年 夏祭り!,2019-07-21,2019-07-21,0,1,0,22000,1,22000.0,1,1,ジャニーズJr
舞台 GOOD PEOPLE,2019-07-19,2019-06-28,21,1,1,15000,2,7500.0,1,1,ジャニーズJr
美 少年 少年忍者 パパママ一番 裸の少年 夏祭り!,2019-07-24,2019-07-22,2,1,1,24000,1,24000.0,1,1,ジャニーズJr
美 少年 少年忍者 パパママ一番 裸の少年 夏祭り!,2019-08-02,2019-07-30,3,1,1,43000,2,21500.0,1,1,ジャニーズJr
美 少年 少年忍者 パパママ一番 裸の少年 夏祭り!,2019-08-02,2019-07-30,3,1,1,43000,1,43000.0,1,1,ジャニーズJr
Kis-My-Ft2 キスマイフットツー LIVE TOUR 2019 FREE HUGS!,2019-06-23,2019-06-19,4,1,0,8000,2,4000.0,1,1,キスマイフットツー
HiHi Jets ７ MEN 侍 パパママ一番 裸の少年 夏祭り!,2019-08-05,2019-08-04,1,1,1,24999,1,24999.0,1,1,ジャニーズJr
HiHi Jets ７ MEN 侍 パパママ一番 裸の少年 夏祭り! オープンライブ,2019-07-20,2019-07-05,15,1,1,24000,1,24000.0,1,1,ジャニーズJr
美 少年 少年忍者 パパママ一番 裸の少年 夏祭り!,2019-07-24,2019-07-23,1,1,0,25000,2,12500.0,1,1,ジャニーズJr
HAMLET ハムレット,2019-10-12,2019-07-14,90,1,1,75000,2,37500.0,1,1,セクシーゾーン
HiHi Jets ７ MEN 侍 パパママ一番 裸の少年 夏祭り! オープンライブ,2019-07-20,2019-07-04,16,1,1,21000,1,21000.0,1,1,ジャニーズJr
美 少年 少年忍者 パパママ一番 裸の少年 夏祭り!,2019-07-18,2019-07-03,15,1,1,20000,2,10000.0,1,1,ジャニーズJr
美 少年 少年忍者 パパママ一番 裸の少年 夏祭り!,2019-07-21,2019-07-20,1,1,1,45000,1,45000.0,1,1,ジャニーズJr
HiHi Jets ジャニーズ銀座2019 Tokyo Experience,2019-05-26,2019-05-25,1,1,0,28000,1,28000.0,0,0,ジャニーズJr
ジャニーズJr. 8・8祭り 東京ドームから始まる,2019-08-08,2019-08-07,1,1,0,25000,2,12500.0,1,1,ジャニーズJr
HiHi Jets ７ MEN 侍 パパママ一番 裸の少年 夏祭り!,2019-08-12,2019-08-11,1,1,1,25000,1,25000.0,1,1,ジャニーズJr
HiHi Jets ジャニーズ銀座2019 Tokyo Experience,2019-05-18,2019-05-16,2,1,0,90000,2,45000.0,0,0,ジャニーズJr
美 少年 少年忍者 パパママ一番 裸の少年 夏祭り!,2019-07-30,2019-07-28,2,1,1,35000,1,35000.0,1,1,ジャニーズJr
美 少年 少年忍者 パパママ一番 裸の少年 夏祭り!,2019-07-22,2019-07-21,1,1,1,13000,2,6500.0,1,1,ジャニーズJr
美 少年 少年忍者 パパママ一番 裸の少年 夏祭り!,2019-07-18,2019-07-12,6,1,1,38000,2,19000.0,1,1,ジャニーズJr
美 少年 少年忍者 パパママ一番 裸の少年 夏祭り!,2019-07-22,2019-07-21,1,1,1,17000,2,8500.0,1,1,ジャニーズJr
映画 パラレルワールド・ラブストーリー 4大都市舞台挨拶,2019-06-10,2019-06-07,3,1,1,9500,1,9500.0,0,0,キスマイフットツー
美 少年 少年忍者 パパママ一番 裸の少年 夏祭り!,2019-07-19,2019-06-19,30,1,1,13000,2,6500.0,1,1,ジャニーズJr
HiHi Jets ジャニーズ銀座2019 Tokyo Experience,2019-05-24,2019-05-21,3,1,1,210000,1,210000.0,0,0,ジャニーズJr
HiHi Jets ジャニーズ銀座2019 Tokyo Experience,2019-05-22,2019-05-20,2,1,1,240000,1,240000.0,0,0,ジャニーズJr
HiHi Jets ジャニーズ銀座2019 Tokyo Experience,2019-05-18,2019-05-17,1,1,1,400000,1,400000.0,0,0,ジャニーズJr
Kis-My-Ft2 キスマイフットツー LIVE TOUR 2019 FREE HUGS!,2019-06-15,2019-06-14,1,1,0,30000,4,7500.0,1,1,キスマイフットツー
Kis-My-Ft2 キスマイフットツー LIVE TOUR 2019 FREE HUGS!,2019-06-16,2019-06-03,13,1,1,15000,1,15000.0,0,0,キスマイフットツー
美 少年 少年忍者 パパママ一番 裸の少年 夏祭り!,2019-07-29,2019-07-29,0,1,0,36000,2,18000.0,1,1,ジャニーズJr
HiHi Jets ７ MEN 侍 パパママ一番 裸の少年 夏祭り! オープンライブ,2019-07-20,2019-07-06,14,1,0,24000,1,24000.0,1,1,ジャニーズJr
HiHi Jets ７ MEN 侍 パパママ一番 裸の少年 夏祭り! オープンライブ,2019-07-20,2019-07-06,14,1,1,40000,2,20000.0,1,1,ジャニーズJr
映画 パラレルワールド・ラブストーリー 4大都市舞台挨拶,2019-06-10,2019-06-05,5,1,1,10000,1,10000.0,0,0,キスマイフットツー
HiHi Jets ７ MEN 侍 パパママ一番 裸の少年 夏祭り!,2019-08-12,2019-08-11,1,1,0,16500,2,8250.0,1,1,ジャニーズJr
映画 パラレルワールド・ラブストーリー 4大都市舞台挨拶,2019-06-14,2019-06-14,0,1,0,22000,1,22000.0,1,1,キスマイフットツー
美 少年 少年忍者 パパママ一番 裸の少年 夏祭り!,2019-07-18,2019-06-25,23,1,1,21999,2,10999.5,1,1,ジャニーズJr
美 少年 少年忍者 パパママ一番 裸の少年 夏祭り!,2019-07-19,2019-07-14,5,1,1,8000,2,4000.0,1,1,ジャニーズJr
美 少年 少年忍者 パパママ一番 裸の少年 夏祭り!,2019-08-02,2019-08-02,0,1,1,71000,2,35500.0,1,1,ジャニーズJr
舞台 マラソン,2019-06-12,2019-06-09,3,1,1,13000,1,13000.0,0,0,ジャニーズJr
音楽劇 トムとジェリー 夢よもう一度,2019-08-03,2019-08-02,1,1,0,2900,2,1450.0,1,1,ジャニーズJr
HiHi Jets ジャニーズ銀座2019 Tokyo Experience,2019-05-21,2019-05-16,5,1,1,300000,1,300000.0,0,0,ジャニーズJr
美 少年 少年忍者 パパママ一番 裸の少年 夏祭り!,2019-07-18,2019-07-10,8,1,1,20000,2,10000.0,1,1,ジャニーズJr
ザ少年倶楽部（少クラ）,2019-05-20,2019-05-17,3,1,0,60000,1,60000.0,0,0,ジャニーズJr
Kis-My-Ft2 キスマイフットツー LIVE TOUR 2019 FREE HUGS!,2019-07-13,2019-07-13,0,1,0,26000,2,13000.0,1,1,キスマイフットツー
映画 パラレルワールド・ラブストーリー 4大都市舞台挨拶,2019-06-10,2019-06-09,1,1,1,20000,1,20000.0,0,0,キスマイフットツー
美 少年 少年忍者 パパママ一番 裸の少年 夏祭り!,2019-08-02,2019-08-02,0,1,0,550000,1,550000.0,1,1,ジャニーズJr
ジャニーズJr. ジャニーズ IsLAND Festival,2019-05-25,2019-05-24,1,1,0,33000,1,33000.0,0,0,ジャニーズJr
HAMLET ハムレット,2019-09-24,2019-07-10,76,1,1,47000,2,23500.0,1,1,セクシーゾーン
HAMLET ハムレット,2019-10-05,2019-08-01,65,1,1,35000,1,35000.0,1,1,セクシーゾーン
映画 パラレルワールド・ラブストーリー 4大都市舞台挨拶,2019-06-10,2019-06-06,4,1,1,30000,2,15000.0,0,0,キスマイフットツー
美 少年 少年忍者 パパママ一番 裸の少年 夏祭り!,2019-08-02,2019-08-01,1,1,1,45000,1,45000.0,1,1,ジャニーズJr
7 MEN 侍 ジャニーズ銀座2019 Tokyo Experience,2019-05-27,2019-05-26,1,1,1,4000,1,4000.0,0,0,ジャニーズJr
美 少年 少年忍者 パパママ一番 裸の少年 夏祭り!,2019-07-22,2019-07-20,2,1,0,13000,1,13000.0,1,1,ジャニーズJr
NEWS ニュース LIVE TOUR 2019 WORLDISTA,2019-05-26,2019-05-26,0,1,0,11000,1,11000.0,0,0,NEWS
美 少年 少年忍者 パパママ一番 裸の少年 夏祭り!,2019-07-19,2019-07-07,12,1,1,18000,2,9000.0,1,1,ジャニーズJr
HiHi Jets ７ MEN 侍 パパママ一番 裸の少年 夏祭り! オープンライブ,2019-07-20,2019-06-22,28,1,1,14000,2,7000.0,1,1,ジャニーズJr
Kis-My-Ft2 キスマイフットツー LIVE TOUR 2019 FREE HUGS!,2019-07-12,2019-07-11,1,1,1,16000,1,16000.0,1,1,キスマイフットツー
美 少年 少年忍者 パパママ一番 裸の少年 夏祭り!,2019-07-31,2019-07-29,2,1,1,30000,3,10000.0,1,1,ジャニーズJr
Kis-My-Ft2 キスマイフットツー LIVE TOUR 2019 FREE HUGS!,2019-06-15,2019-06-04,11,1,0,26000,2,13000.0,0,0,キスマイフットツー
美 少年 少年忍者 パパママ一番 裸の少年 夏祭り!,2019-07-19,2019-07-16,3,1,1,8000,2,4000.0,1,1,ジャニーズJr
美 少年 少年忍者 パパママ一番 裸の少年 夏祭り!,2019-07-19,2019-07-15,4,1,1,18000,1,18000.0,1,1,ジャニーズJr
音楽劇 トムとジェリー 夢よもう一度,2019-08-11,2019-08-10,1,1,0,14500,2,7250.0,1,1,ジャニーズJr
美 少年 少年忍者 パパママ一番 裸の少年 夏祭り!,2019-07-30,2019-07-28,2,1,1,35000,1,35000.0,1,1,ジャニーズJr
HiHi Jets ジャニーズ銀座2019 Tokyo Experience,2019-05-24,2019-05-19,5,1,1,270000,1,270000.0,0,0,ジャニーズJr
映画 パラレルワールド・ラブストーリー 4大都市舞台挨拶,2019-06-10,2019-06-08,2,1,0,30000,2,15000.0,0,0,キスマイフットツー
Kis-My-Ft2 キスマイフットツー LIVE TOUR 2019 FREE HUGS!,2019-06-22,2019-06-19,3,1,1,25500,4,6375.0,1,1,キスマイフットツー
美 少年 少年忍者 パパママ一番 裸の少年 夏祭り!,2019-07-19,2019-07-15,4,1,1,17000,2,8500.0,1,1,ジャニーズJr
美 少年 少年忍者 パパママ一番 裸の少年 夏祭り!,2019-07-18,2019-07-18,0,1,0,18000,1,18000.0,1,1,ジャニーズJr
HiHi Jets ジャニーズ銀座2019 Tokyo Experience,2019-05-26,2019-05-25,1,1,1,78000,2,39000.0,0,0,ジャニーズJr
HiHi Jets ジャニーズ銀座2019 Tokyo Experience,2019-05-24,2019-05-19,5,1,1,220000,1,220000.0,0,0,ジャニーズJr
7 MEN 侍 ジャニーズ銀座2019 Tokyo Experience,2019-06-02,2019-06-01,1,1,0,48000,2,24000.0,0,0,ジャニーズJr
NEWS ニュース LIVE TOUR 2019 WORLDISTA,2019-05-25,2019-05-23,2,1,0,7700,1,7700.0,0,0,NEWS
ジャニーズJr. 8・8祭り 東京ドームから始まる,2019-08-08,2019-08-08,0,1,0,20000,2,10000.0,1,1,ジャニーズJr
舞台 マラソン,2019-06-09,2019-06-03,6,1,1,28000,1,28000.0,0,0,ジャニーズJr
舞台 マラソン,2019-06-11,2019-06-07,4,1,1,28000,1,28000.0,0,0,ジャニーズJr
7 MEN 侍 ジャニーズ銀座2019 Tokyo Experience,2019-05-28,2019-05-27,1,1,0,20000,1,20000.0,0,0,ジャニーズJr
美 少年 少年忍者 パパママ一番 裸の少年 夏祭り!,2019-07-30,2019-07-29,1,1,0,106000,1,106000.0,1,1,ジャニーズJr
Kis-My-Ft2 キスマイフットツー LIVE TOUR 2019 FREE HUGS!,2019-06-23,2019-06-22,1,1,0,9800,2,4900.0,1,1,キスマイフットツー
美 少年 少年忍者 パパママ一番 裸の少年 夏祭り!,2019-07-18,2019-07-18,0,1,1,28000,2,14000.0,1,1,ジャニーズJr
Kis-My-Ft2 キスマイフットツー LIVE TOUR 2019 FREE HUGS!,2019-07-12,2019-07-07,5,1,1,22000,2,11000.0,1,1,キスマイフットツー
音楽劇 トムとジェリー 夢よもう一度,2019-08-04,2019-08-03,1,1,1,18000,2,9000.0,1,1,ジャニーズJr
美 少年 少年忍者 パパママ一番 裸の少年 夏祭り!,2019-07-18,2019-07-16,2,1,1,16000,2,8000.0,1,1,ジャニーズJr
NEWS ニュース LIVE TOUR 2019 WORLDISTA,2019-05-18,2019-05-17,1,1,1,33000,4,8250.0,0,0,NEWS
美 少年 少年忍者 パパママ一番 裸の少年 夏祭り!,2019-07-18,2019-06-07,41,1,0,21000,2,10500.0,0,0,ジャニーズJr
舞台 マラソン,2019-06-12,2019-06-07,5,1,1,22000,1,22000.0,0,0,ジャニーズJr
美 少年 少年忍者 パパママ一番 裸の少年 夏祭り!,2019-07-18,2019-07-12,6,1,1,15000,1,15000.0,1,1,ジャニーズJr
美 少年 少年忍者 パパママ一番 裸の少年 夏祭り!,2019-07-24,2019-07-24,0,1,0,36000,1,36000.0,1,1,ジャニーズJr
美 少年 少年忍者 パパママ一番 裸の少年 夏祭り!,2019-07-22,2019-07-21,1,1,0,9000,1,9000.0,1,1,ジャニーズJr
HiHi Jets ７ MEN 侍 パパママ一番 裸の少年 夏祭り!,2019-08-05,2019-08-04,1,1,1,25000,1,25000.0,1,1,ジャニーズJr
美 少年 少年忍者 パパママ一番 裸の少年 夏祭り!,2019-07-19,2019-07-13,6,1,1,7500,1,7500.0,1,1,ジャニーズJr
7 MEN 侍 ジャニーズ銀座2019 Tokyo Experience,2019-06-01,2019-05-31,1,1,0,30000,1,30000.0,0,0,ジャニーズJr
HiHi Jets ジャニーズ銀座2019 Tokyo Experience,2019-05-24,2019-05-21,3,1,1,210000,1,210000.0,0,0,ジャニーズJr
美 少年 少年忍者 パパママ一番 裸の少年 夏祭り!,2019-07-18,2019-07-17,1,1,0,13500,2,6750.0,1,1,ジャニーズJr
舞台 マラソン,2019-06-14,2019-06-10,4,1,1,28000,1,28000.0,0,0,ジャニーズJr
舞台 マラソン,2019-06-11,2019-06-04,7,1,1,20000,1,20000.0,0,0,ジャニーズJr
映画 パラレルワールド・ラブストーリー 4大都市舞台挨拶,2019-06-14,2019-06-10,4,1,1,30000,1,30000.0,0,0,キスマイフットツー
美 少年 少年忍者 パパママ一番 裸の少年 夏祭り!,2019-07-24,2019-07-23,1,1,1,18000,1,18000.0,1,1,ジャニーズJr
7 MEN 侍 ジャニーズ銀座2019 Tokyo Experience,2019-05-29,2019-05-26,3,1,1,43000,2,21500.0,0,0,ジャニーズJr
HAMLET ハムレット,2019-10-13,2019-07-01,104,1,1,43000,2,21500.0,1,1,セクシーゾーン
Kis-My-Ft2 キスマイフットツー LIVE TOUR 2019 FREE HUGS!,2019-06-15,2019-06-03,12,1,0,38000,1,38000.0,0,0,キスマイフットツー
Kis-My-Ft2 キスマイフットツー LIVE TOUR 2019 FREE HUGS!,2019-07-12,2019-07-05,7,1,1,24000,3,8000.0,1,1,キスマイフットツー
ジャニーズJr. ジャニーズ IsLAND Festival,2019-05-25,2019-05-24,1,1,0,33000,1,33000.0,0,0,ジャニーズJr
ジャニーズJr. 8・8祭り 東京ドームから始まる,2019-08-08,2019-08-08,0,1,1,46000,2,23000.0,1,1,ジャニーズJr
舞台 マラソン,2019-06-11,2019-06-07,4,1,1,9000,1,9000.0,0,0,ジャニーズJr
美 少年 少年忍者 パパママ一番 裸の少年 夏祭り!,2019-07-24,2019-07-23,1,1,0,18000,1,18000.0,1,1,ジャニーズJr
NEWS ニュース LIVE TOUR 2019 WORLDISTA,2019-05-25,2019-05-23,2,1,1,10800,2,5400.0,0,0,NEWS
NEWS ニュース LIVE TOUR 2019 WORLDISTA,2019-05-18,2019-05-17,1,1,0,31500,2,15750.0,0,0,NEWS
HiHi Jets ７ MEN 侍 パパママ一番 裸の少年 夏祭り! オープンライブ,2019-07-20,2019-06-20,30,1,1,20000,1,20000.0,1,1,ジャニーズJr
Kis-My-Ft2 キスマイフットツー LIVE TOUR 2019 FREE HUGS!,2019-06-22,2019-06-22,0,1,1,27000,1,27000.0,1,1,キスマイフットツー
美 少年 少年忍者 パパママ一番 裸の少年 夏祭り!,2019-07-18,2019-07-12,6,1,1,19500,1,19500.0,1,1,ジャニーズJr
映画 パラレルワールド・ラブストーリー 4大都市舞台挨拶,2019-06-10,2019-06-08,2,1,1,32000,2,16000.0,0,0,キスマイフットツー
映画 パラレルワールド・ラブストーリー 4大都市舞台挨拶,2019-06-08,2019-06-06,2,1,1,15000,2,7500.0,0,0,キスマイフットツー
美 少年 少年忍者 パパママ一番 裸の少年 夏祭り!,2019-07-21,2019-07-19,2,1,0,25000,1,25000.0,1,1,ジャニーズJr
美 少年 少年忍者 パパママ一番 裸の少年 夏祭り!,2019-07-19,2019-06-19,30,1,1,13000,2,6500.0,1,1,ジャニーズJr
ジャニーズJr. 8・8祭り 東京ドームから始まる,2019-08-08,2019-08-08,0,1,0,20000,1,20000.0,1,1,ジャニーズJr
ミュージカル ドン・ジュアン,2019-09-11,2019-07-16,57,1,1,40000,2,20000.0,1,1,キスマイフットツー
美 少年 少年忍者 パパママ一番 裸の少年 夏祭り!,2019-07-19,2019-06-29,20,1,1,21999,1,21999.0,1,1,ジャニーズJr
HiHi Jets ジャニーズ銀座2019 Tokyo Experience,2019-05-19,2019-05-16,3,1,1,218000,1,218000.0,0,0,ジャニーズJr
Kis-My-Ft2 キスマイフットツー LIVE TOUR 2019 FREE HUGS!,2019-07-12,2019-06-26,16,1,1,19000,2,9500.0,1,1,キスマイフットツー
ジャニーズJr. ジャニーズ IsLAND Festival,2019-05-25,2019-05-23,2,1,0,33000,4,8250.0,0,0,ジャニーズJr
HiHi Jets ジャニーズ銀座2019 Tokyo Experience,2019-05-21,2019-05-19,2,1,1,74000,1,74000.0,0,0,ジャニーズJr
Kis-My-Ft2 キスマイフットツー LIVE TOUR 2019 FREE HUGS!,2019-07-13,2019-06-26,17,1,1,35000,2,17500.0,1,1,キスマイフットツー
美 少年 少年忍者 パパママ一番 裸の少年 夏祭り!,2019-07-29,2019-07-29,0,1,0,66000,2,33000.0,1,1,ジャニーズJr
美 少年 少年忍者 パパママ一番 裸の少年 夏祭り!,2019-07-24,2019-07-23,1,1,0,36000,2,18000.0,1,1,ジャニーズJr
ザ少年倶楽部（少クラ）,2019-05-20,2019-05-19,1,1,0,50000,1,50000.0,0,0,ジャニーズJr
美 少年 少年忍者 パパママ一番 裸の少年 夏祭り!,2019-07-18,2019-07-13,5,1,1,22000,2,11000.0,1,1,ジャニーズJr
NEWS ニュース LIVE TOUR 2019 WORLDISTA,2019-05-25,2019-05-21,4,1,0,13500,2,6750.0,0,0,NEWS
美 少年 少年忍者 パパママ一番 裸の少年 夏祭り!,2019-07-27,2019-07-25,2,1,0,19000,1,19000.0,1,1,ジャニーズJr
ジャニーズJr. 8・8祭り 東京ドームから始まる,2019-08-08,2019-08-08,0,1,0,20000,2,10000.0,1,1,ジャニーズJr
HAMLET ハムレット,2019-09-28,2019-07-05,85,1,1,35000,2,17500.0,1,1,セクシーゾーン
Kis-My-Ft2 キスマイフットツー LIVE TOUR 2019 FREE HUGS!,2019-06-15,2019-06-14,1,1,0,10000,1,10000.0,1,1,キスマイフットツー
美 少年 少年忍者 パパママ一番 裸の少年 夏祭り!,2019-07-24,2019-07-23,1,1,0,19500,1,19500.0,1,1,ジャニーズJr
美 少年 少年忍者 パパママ一番 裸の少年 夏祭り!,2019-07-19,2019-07-18,1,1,0,10000,2,5000.0,1,1,ジャニーズJr
美 少年 少年忍者 パパママ一番 裸の少年 夏祭り!,2019-08-02,2019-07-30,3,1,1,50000,1,50000.0,1,1,ジャニーズJr
美 少年 少年忍者 パパママ一番 裸の少年 夏祭り!,2019-08-01,2019-07-31,1,1,1,80000,2,40000.0,1,1,ジャニーズJr
ミュージカル ドン・ジュアン,2019-08-31,2019-07-14,48,1,1,50000,2,25000.0,1,1,キスマイフットツー
Kis-My-Ft2 キスマイフットツー LIVE TOUR 2019 FREE HUGS!,2019-06-16,2019-06-03,13,1,1,20000,2,10000.0,0,0,キスマイフットツー
HiHi Jets ７ MEN 侍 パパママ一番 裸の少年 夏祭り!,2019-08-05,2019-08-03,2,1,0,20000,2,10000.0,1,1,ジャニーズJr
美 少年 少年忍者 パパママ一番 裸の少年 夏祭り!,2019-07-18,2019-07-13,5,1,1,15000,2,7500.0,1,1,ジャニーズJr
美 少年 少年忍者 パパママ一番 裸の少年 夏祭り!,2019-07-20,2019-07-19,1,1,1,19000,2,9500.0,1,1,ジャニーズJr
Kis-My-Ft2 キスマイフットツー LIVE TOUR 2019 FREE HUGS!,2019-06-23,2019-06-20,3,1,0,7500,1,7500.0,1,1,キスマイフットツー
HiHi Jets ジャニーズ銀座2019 Tokyo Experience,2019-05-22,2019-05-17,5,1,1,67000,2,33500.0,0,0,ジャニーズJr
美 少年 少年忍者 パパママ一番 裸の少年 夏祭り!,2019-07-19,2019-07-16,3,1,0,9000,2,4500.0,1,1,ジャニーズJr
美 少年 少年忍者 パパママ一番 裸の少年 夏祭り!,2019-07-18,2019-07-13,5,1,1,16000,2,8000.0,1,1,ジャニーズJr
山田ジャパン HEY！ポール！,2019-07-21,2019-07-20,1,1,1,10000,1,10000.0,1,1,ジャニーズJr
美 少年 少年忍者 パパママ一番 裸の少年 夏祭り!,2019-07-19,2019-07-18,1,1,0,7500,1,7500.0,1,1,ジャニーズJr
美 少年 少年忍者 パパママ一番 裸の少年 夏祭り!,2019-07-24,2019-07-22,2,1,1,51000,1,51000.0,1,1,ジャニーズJr
ジャニーズJr. 8・8祭り 東京ドームから始まる,2019-08-08,2019-08-07,1,1,1,35000,2,17500.0,1,1,ジャニーズJr
舞台 マラソン,2019-06-15,2019-06-07,8,1,1,13000,1,13000.0,0,0,ジャニーズJr
Kis-My-Ft2 キスマイフットツー LIVE TOUR 2019 FREE HUGS!,2019-06-15,2019-06-12,3,1,1,45000,4,11250.0,0,0,キスマイフットツー
美 少年 少年忍者 パパママ一番 裸の少年 夏祭り!,2019-07-18,2019-07-16,2,1,0,13000,2,6500.0,1,1,ジャニーズJr
美 少年 少年忍者 パパママ一番 裸の少年 夏祭り!,2019-07-22,2019-07-21,1,1,0,15500,1,15500.0,1,1,ジャニーズJr
Kis-My-Ft2 キスマイフットツー LIVE TOUR 2019 FREE HUGS!,2019-06-22,2019-06-20,2,1,0,17000,2,8500.0,1,1,キスマイフットツー
HiHi Jets ７ MEN 侍 パパママ一番 裸の少年 夏祭り!,2019-08-05,2019-08-04,1,1,0,25000,2,12500.0,1,1,ジャニーズJr
NEWS ニュース LIVE TOUR 2019 WORLDISTA,2019-05-25,2019-05-25,0,1,1,2000,2,1000.0,0,0,NEWS
美 少年 少年忍者 パパママ一番 裸の少年 夏祭り!,2019-07-24,2019-07-23,1,1,0,14000,2,7000.0,1,1,ジャニーズJr
NEWS ニュース LIVE TOUR 2019 WORLDISTA,2019-05-18,2019-05-18,0,1,0,28200,1,28200.0,0,0,NEWS
美 少年 少年忍者 パパママ一番 裸の少年 夏祭り!,2019-07-18,2019-07-16,2,1,0,11000,2,5500.0,1,1,ジャニーズJr
Kis-My-Ft2 キスマイフットツー LIVE TOUR 2019 FREE HUGS!,2019-06-15,2019-06-11,4,1,0,24500,1,24500.0,0,0,キスマイフットツー
美 少年 少年忍者 パパママ一番 裸の少年 夏祭り!,2019-07-19,2019-07-07,12,1,1,20000,2,10000.0,1,1,ジャニーズJr
ジャニーズJr. 8・8祭り 東京ドームから始まる,2019-08-08,2019-08-08,0,1,0,23000,2,11500.0,1,1,ジャニーズJr
美 少年 少年忍者 パパママ一番 裸の少年 夏祭り!,2019-08-01,2019-07-29,3,1,1,66000,2,33000.0,1,1,ジャニーズJr
NEWS ニュース LIVE TOUR 2019 WORLDISTA,2019-05-26,2019-05-26,0,1,0,20000,1,20000.0,0,0,NEWS
Kis-My-Ft2 キスマイフットツー LIVE TOUR 2019 FREE HUGS!,2019-07-12,2019-07-04,8,1,1,21500,2,10750.0,1,1,キスマイフットツー
美 少年 少年忍者 パパママ一番 裸の少年 夏祭り!,2019-07-24,2019-07-23,1,1,0,90000,1,90000.0,1,1,ジャニーズJr
美 少年 少年忍者 パパママ一番 裸の少年 夏祭り!,2019-07-18,2019-07-11,7,1,1,21999,2,10999.5,1,1,ジャニーズJr
美 少年 少年忍者 パパママ一番 裸の少年 夏祭り!,2019-07-18,2019-07-03,15,1,0,21500,2,10750.0,1,1,ジャニーズJr
NEWS ニュース LIVE TOUR 2019 WORLDISTA,2019-05-25,2019-05-24,1,1,0,6000,2,3000.0,0,0,NEWS
美 少年 少年忍者 パパママ一番 裸の少年 夏祭り!,2019-07-18,2019-07-17,1,1,0,15000,2,7500.0,1,1,ジャニーズJr
Kis-My-Ft2 キスマイフットツー LIVE TOUR 2019 FREE HUGS!,2019-07-13,2019-07-02,11,1,1,30000,2,15000.0,1,1,キスマイフットツー
HiHi Jets ジャニーズ銀座2019 Tokyo Experience,2019-05-22,2019-05-20,2,1,1,200000,2,100000.0,0,0,ジャニーズJr
美 少年 少年忍者 パパママ一番 裸の少年 夏祭り!,2019-07-18,2019-07-10,8,1,0,15000,1,15000.0,1,1,ジャニーズJr
美 少年 少年忍者 パパママ一番 裸の少年 夏祭り!,2019-07-26,2019-07-25,1,1,1,55000,1,55000.0,1,1,ジャニーズJr
Kis-My-Ft2 キスマイフットツー LIVE TOUR 2019 FREE HUGS!,2019-06-15,2019-06-14,1,1,0,26500,1,26500.0,1,1,キスマイフットツー
美 少年 少年忍者 パパママ一番 裸の少年 夏祭り!,2019-07-25,2019-07-23,2,1,0,23000,1,23000.0,1,1,ジャニーズJr
美 少年 少年忍者 パパママ一番 裸の少年 夏祭り!,2019-07-19,2019-07-17,2,1,1,20000,2,10000.0,1,1,ジャニーズJr
Kis-My-Ft2 キスマイフットツー LIVE TOUR 2019 FREE HUGS!,2019-07-12,2019-07-10,2,1,1,16000,1,16000.0,1,1,キスマイフットツー
映画 パラレルワールド・ラブストーリー 4大都市舞台挨拶,2019-06-10,2019-06-09,1,1,1,11500,1,11500.0,0,0,キスマイフットツー
美 少年 少年忍者 パパママ一番 裸の少年 夏祭り!,2019-07-19,2019-07-14,5,1,1,9000,2,4500.0,1,1,ジャニーズJr
山田ジャパン HEY！ポール！,2019-07-21,2019-07-20,1,1,1,10000,1,10000.0,1,1,ジャニーズJr
美 少年 少年忍者 パパママ一番 裸の少年 夏祭り!,2019-07-24,2019-07-23,1,1,0,63000,1,63000.0,1,1,ジャニーズJr
美 少年 少年忍者 パパママ一番 裸の少年 夏祭り!,2019-07-18,2019-06-08,40,1,0,20000,2,10000.0,0,0,ジャニーズJr
美 少年 少年忍者 パパママ一番 裸の少年 夏祭り!,2019-07-19,2019-07-14,5,1,1,8000,1,8000.0,1,1,ジャニーズJr
美 少年 少年忍者 パパママ一番 裸の少年 夏祭り!,2019-08-02,2019-07-30,3,1,1,70000,2,35000.0,1,1,ジャニーズJr
ジャニーズJr. ジャニーズ IsLAND Festival,2019-05-25,2019-05-23,2,1,0,36000,2,18000.0,0,0,ジャニーズJr
ミュージカル ドン・ジュアン,2019-09-16,2019-07-29,49,1,1,50000,1,50000.0,1,1,キスマイフットツー
HAMLET ハムレット,2019-09-16,2019-08-03,44,1,1,43000,1,43000.0,1,1,セクシーゾーン
Kis-My-Ft2 キスマイフットツー LIVE TOUR 2019 FREE HUGS!,2019-06-22,2019-06-20,2,1,0,16000,1,16000.0,1,1,キスマイフットツー
HiHi Jets ７ MEN 侍 パパママ一番 裸の少年 夏祭り!,2019-08-03,2019-08-03,0,1,1,80000,1,80000.0,1,1,ジャニーズJr
Kis-My-Ft2 キスマイフットツー LIVE TOUR 2019 FREE HUGS!,2019-07-12,2019-07-10,2,1,0,17500,1,17500.0,1,1,キスマイフットツー
美 少年 少年忍者 パパママ一番 裸の少年 夏祭り!,2019-07-18,2019-07-11,7,1,0,14000,1,14000.0,1,1,ジャニーズJr
映画 パラレルワールド・ラブストーリー 4大都市舞台挨拶,2019-06-10,2019-06-06,4,1,0,7000,1,7000.0,0,0,キスマイフットツー
美 少年 少年忍者 パパママ一番 裸の少年 夏祭り!,2019-08-01,2019-07-31,1,1,1,40000,2,20000.0,1,1,ジャニーズJr
HiHi Jets ジャニーズ銀座2019 Tokyo Experience,2019-05-25,2019-05-19,6,1,0,80000,1,80000.0,0,0,ジャニーズJr
HiHi Jets ７ MEN 侍 パパママ一番 裸の少年 夏祭り!,2019-08-06,2019-08-04,2,1,1,90000,1,90000.0,1,1,ジャニーズJr
Sexy Zone セクシーゾーン LIVE TOUR 2019 PAGES,2019-05-25,2019-05-23,2,1,1,38000,2,19000.0,0,0,セクシーゾーン
ジャニーズJr. 8・8祭り 東京ドームから始まる,2019-08-08,2019-08-08,0,1,0,22500,2,11250.0,1,1,ジャニーズJr
美 少年 少年忍者 パパママ一番 裸の少年 夏祭り!,2019-07-19,2019-06-22,27,1,1,28000,2,14000.0,1,1,ジャニーズJr
HAMLET ハムレット,2019-09-28,2019-06-17,103,1,0,41000,2,20500.0,1,1,セクシーゾーン
美 少年 少年忍者 パパママ一番 裸の少年 夏祭り!,2019-07-20,2019-07-19,1,1,0,18000,1,18000.0,1,1,ジャニーズJr
Kis-My-Ft2 キスマイフットツー LIVE TOUR 2019 FREE HUGS!,2019-07-12,2019-07-08,4,1,0,10000,2,5000.0,1,1,キスマイフットツー
HiHi Jets ジャニーズ銀座2019 Tokyo Experience,2019-05-21,2019-05-19,2,1,1,94000,1,94000.0,0,0,ジャニーズJr
美 少年 少年忍者 パパママ一番 裸の少年 夏祭り!,2019-07-19,2019-07-07,12,1,1,18000,2,9000.0,1,1,ジャニーズJr
美 少年 少年忍者 パパママ一番 裸の少年 夏祭り!,2019-07-24,2019-07-24,0,1,0,20000,1,20000.0,1,1,ジャニーズJr
美 少年 少年忍者 パパママ一番 裸の少年 夏祭り!,2019-07-24,2019-07-23,1,1,0,48000,1,48000.0,1,1,ジャニーズJr
美 少年 少年忍者 パパママ一番 裸の少年 夏祭り!,2019-07-19,2019-07-15,4,1,0,15000,1,15000.0,1,1,ジャニーズJr
NEWS ニュース LIVE TOUR 2019 WORLDISTA,2019-05-19,2019-05-19,0,1,0,25500,1,25500.0,0,0,NEWS
美 少年 少年忍者 パパママ一番 裸の少年 夏祭り!,2019-07-30,2019-07-28,2,1,0,106000,1,106000.0,1,1,ジャニーズJr
美 少年 少年忍者 パパママ一番 裸の少年 夏祭り!,2019-07-18,2019-07-10,8,1,1,35000,2,17500.0,1,1,ジャニーズJr
HiHi Jets ７ MEN 侍 パパママ一番 裸の少年 夏祭り!,2019-08-05,2019-08-05,0,1,0,25000,1,25000.0,1,1,ジャニーズJr
美 少年 少年忍者 パパママ一番 裸の少年 夏祭り!,2019-07-24,2019-07-23,1,1,0,12000,2,6000.0,1,1,ジャニーズJr
映画 パラレルワールド・ラブストーリー 4大都市舞台挨拶,2019-06-10,2019-06-06,4,1,1,10000,1,10000.0,0,0,キスマイフットツー
美 少年 少年忍者 パパママ一番 裸の少年 夏祭り!,2019-08-02,2019-07-31,2,1,1,32000,2,16000.0,1,1,ジャニーズJr
HiHi Jets ７ MEN 侍 パパママ一番 裸の少年 夏祭り! オープンライブ,2019-07-20,2019-06-21,29,1,1,13000,2,6500.0,1,1,ジャニーズJr
美 少年 少年忍者 パパママ一番 裸の少年 夏祭り!,2019-07-24,2019-07-24,0,1,1,23000,2,11500.0,1,1,ジャニーズJr
Kis-My-Ft2 キスマイフットツー LIVE TOUR 2019 FREE HUGS!,2019-07-12,2019-06-28,14,1,0,27000,1,27000.0,1,1,キスマイフットツー
美 少年 少年忍者 パパママ一番 裸の少年 夏祭り!,2019-07-26,2019-07-25,1,1,0,25000,1,25000.0,1,1,ジャニーズJr
Kis-My-Ft2 キスマイフットツー LIVE TOUR 2019 FREE HUGS!,2019-07-13,2019-06-28,15,1,1,30000,1,30000.0,1,1,キスマイフットツー
美 少年 少年忍者 パパママ一番 裸の少年 夏祭り!,2019-07-19,2019-07-01,18,1,0,10000,1,10000.0,1,1,ジャニーズJr
映画 パラレルワールド・ラブストーリー 4大都市舞台挨拶,2019-06-10,2019-06-09,1,1,1,13000,1,13000.0,0,0,キスマイフットツー
美 少年 少年忍者 パパママ一番 裸の少年 夏祭り!,2019-07-25,2019-07-24,1,1,1,28000,1,28000.0,1,1,ジャニーズJr
美 少年 少年忍者 パパママ一番 裸の少年 夏祭り!,2019-07-18,2019-07-07,11,1,0,21500,1,21500.0,1,1,ジャニーズJr
HiHi Jets ７ MEN 侍 パパママ一番 裸の少年 夏祭り! オープンライブ,2019-07-20,2019-06-28,22,1,0,12000,2,6000.0,1,1,ジャニーズJr
美 少年 少年忍者 パパママ一番 裸の少年 夏祭り!,2019-07-18,2019-07-08,10,1,1,90000,2,45000.0,1,1,ジャニーズJr
ジャニーズJr. 8・8祭り 東京ドームから始まる,2019-08-08,2019-08-07,1,1,0,27000,1,27000.0,1,1,ジャニーズJr
美 少年 少年忍者 パパママ一番 裸の少年 夏祭り!,2019-07-18,2019-07-12,6,1,1,80000,2,40000.0,1,1,ジャニーズJr
ミュージカル ドン・ジュアン,2019-09-04,2019-08-04,31,1,1,27000,2,13500.0,1,1,キスマイフットツー
Kis-My-Ft2 キスマイフットツー LIVE TOUR 2019 FREE HUGS!,2019-07-12,2019-07-07,5,1,0,20000,1,20000.0,1,1,キスマイフットツー
Kis-My-Ft2 キスマイフットツー LIVE TOUR 2019 FREE HUGS!,2019-06-15,2019-06-11,4,1,0,15000,1,15000.0,0,0,キスマイフットツー
美 少年 少年忍者 パパママ一番 裸の少年 夏祭り!,2019-07-18,2019-07-13,5,1,1,22000,2,11000.0,1,1,ジャニーズJr
美 少年 少年忍者 パパママ一番 裸の少年 夏祭り!,2019-07-22,2019-07-21,1,1,0,12500,1,12500.0,1,1,ジャニーズJr
美 少年 少年忍者 パパママ一番 裸の少年 夏祭り!,2019-07-30,2019-07-29,1,1,0,86000,1,86000.0,1,1,ジャニーズJr
美 少年 少年忍者 パパママ一番 裸の少年 夏祭り!,2019-07-31,2019-07-28,3,1,0,56000,1,56000.0,1,1,ジャニーズJr
美 少年 少年忍者 パパママ一番 裸の少年 夏祭り!,2019-08-02,2019-08-02,0,1,0,83000,1,83000.0,1,1,ジャニーズJr
Kis-My-Ft2 キスマイフットツー LIVE TOUR 2019 FREE HUGS!,2019-07-13,2019-06-26,17,1,1,35000,2,17500.0,1,1,キスマイフットツー
美 少年 少年忍者 パパママ一番 裸の少年 夏祭り!,2019-07-25,2019-07-24,1,1,0,28000,2,14000.0,1,1,ジャニーズJr
HiHi Jets ジャニーズ銀座2019 Tokyo Experience,2019-05-26,2019-05-25,1,1,1,100000,2,50000.0,0,0,ジャニーズJr
ジャニーズJr. ジャニーズ IsLAND Festival,2019-05-25,2019-05-21,4,1,0,32000,2,16000.0,0,0,ジャニーズJr
美 少年 少年忍者 パパママ一番 裸の少年 夏祭り!,2019-07-20,2019-07-19,1,1,0,24000,1,24000.0,1,1,ジャニーズJr
ザ少年倶楽部（少クラ）,2019-05-20,2019-05-17,3,1,0,58000,1,58000.0,0,0,ジャニーズJr
ジャニーズJr. 8・8祭り 東京ドームから始まる,2019-08-08,2019-08-08,0,1,0,20000,1,20000.0,1,1,ジャニーズJr
Kis-My-Ft2 キスマイフットツー LIVE TOUR 2019 FREE HUGS!,2019-07-12,2019-07-07,5,1,1,20000,1,20000.0,1,1,キスマイフットツー
美 少年 少年忍者 パパママ一番 裸の少年 夏祭り!,2019-07-24,2019-07-22,2,1,0,36000,2,18000.0,1,1,ジャニーズJr
舞台 マラソン,2019-06-11,2019-06-04,7,1,0,15000,1,15000.0,0,0,ジャニーズJr
Sexy Zone セクシーゾーン LIVE TOUR 2019 PAGES,2019-05-18,2019-05-17,1,1,0,13000,1,13000.0,0,0,セクシーゾーン
美 少年 少年忍者 パパママ一番 裸の少年 夏祭り!,2019-07-19,2019-07-05,14,1,1,13500,2,6750.0,1,1,ジャニーズJr
美 少年 少年忍者 パパママ一番 裸の少年 夏祭り!,2019-07-19,2019-07-04,15,1,1,20000,2,10000.0,1,1,ジャニーズJr
美 少年 少年忍者 パパママ一番 裸の少年 夏祭り!,2019-07-24,2019-07-23,1,1,0,19000,1,19000.0,1,1,ジャニーズJr
Kis-My-Ft2 キスマイフットツー LIVE TOUR 2019 FREE HUGS!,2019-07-12,2019-07-12,0,1,1,9000,1,9000.0,1,1,キスマイフットツー
美 少年 少年忍者 パパママ一番 裸の少年 夏祭り!,2019-08-02,2019-08-02,0,1,0,57000,1,57000.0,1,1,ジャニーズJr
美 少年 少年忍者 パパママ一番 裸の少年 夏祭り!,2019-07-18,2019-07-16,2,1,0,12000,2,6000.0,1,1,ジャニーズJr
美 少年 少年忍者 パパママ一番 裸の少年 夏祭り!,2019-07-19,2019-07-06,13,1,0,12000,1,12000.0,1,1,ジャニーズJr
音楽劇 トムとジェリー 夢よもう一度,2019-08-04,2019-08-03,1,1,1,25000,1,25000.0,1,1,ジャニーズJr
美 少年 少年忍者 パパママ一番 裸の少年 夏祭り!,2019-07-24,2019-07-23,1,1,0,22000,1,22000.0,1,1,ジャニーズJr
美 少年 少年忍者 パパママ一番 裸の少年 夏祭り!,2019-07-24,2019-07-23,1,1,0,17000,1,17000.0,1,1,ジャニーズJr
美 少年 少年忍者 パパママ一番 裸の少年 夏祭り!,2019-07-19,2019-06-22,27,1,0,17000,2,8500.0,1,1,ジャニーズJr
舞台 マラソン,2019-06-13,2019-06-11,2,1,1,25000,1,25000.0,0,0,ジャニーズJr
Kis-My-Ft2 キスマイフットツー LIVE TOUR 2019 FREE HUGS!,2019-07-12,2019-07-08,4,1,1,23000,2,11500.0,1,1,キスマイフットツー
HiHi Jets ７ MEN 侍 パパママ一番 裸の少年 夏祭り! オープンライブ,2019-07-20,2019-07-05,15,1,1,14000,1,14000.0,1,1,ジャニーズJr
美 少年 少年忍者 パパママ一番 裸の少年 夏祭り!,2019-07-18,2019-06-21,27,1,1,36000,1,36000.0,1,1,ジャニーズJr
ミュージカル ドン・ジュアン,2019-08-30,2019-08-11,19,1,1,70000,1,70000.0,1,1,キスマイフットツー
美 少年 少年忍者 パパママ一番 裸の少年 夏祭り!,2019-07-26,2019-07-25,1,1,0,11000,1,11000.0,1,1,ジャニーズJr
美 少年 少年忍者 パパママ一番 裸の少年 夏祭り!,2019-08-02,2019-08-01,1,1,1,33000,1,33000.0,1,1,ジャニーズJr
ジャニーズJr. ジャニーズ IsLAND Festival,2019-05-25,2019-05-25,0,1,0,46000,1,46000.0,0,0,ジャニーズJr
Kis-My-Ft2 キスマイフットツー LIVE TOUR 2019 FREE HUGS!,2019-07-13,2019-06-28,15,1,1,35000,1,35000.0,1,1,キスマイフットツー
美 少年 少年忍者 パパママ一番 裸の少年 夏祭り!,2019-07-31,2019-07-28,3,1,1,80000,1,80000.0,1,1,ジャニーズJr
HiHi Jets ジャニーズ銀座2019 Tokyo Experience,2019-05-22,2019-05-20,2,1,1,67000,1,67000.0,0,0,ジャニーズJr
美 少年 少年忍者 パパママ一番 裸の少年 夏祭り!,2019-07-26,2019-07-25,1,1,1,55000,1,55000.0,1,1,ジャニーズJr
美 少年 少年忍者 パパママ一番 裸の少年 夏祭り!,2019-07-24,2019-07-22,2,1,1,24000,1,24000.0,1,1,ジャニーズJr
Kis-My-Ft2 キスマイフットツー LIVE TOUR 2019 FREE HUGS!,2019-07-12,2019-06-28,14,1,1,25000,1,25000.0,1,1,キスマイフットツー
美 少年 少年忍者 パパママ一番 裸の少年 夏祭り!,2019-07-19,2019-07-07,12,1,1,20000,2,10000.0,1,1,ジャニーズJr
山田ジャパン HEY！ポール！,2019-07-19,2019-07-06,13,1,1,20000,1,20000.0,1,1,ジャニーズJr
ジャニーズJr. 8・8祭り 東京ドームから始まる,2019-08-08,2019-08-08,0,1,0,22700,1,22700.0,1,1,ジャニーズJr
Kis-My-Ft2 キスマイフットツー LIVE TOUR 2019 FREE HUGS!,2019-07-13,2019-07-05,8,1,0,8500,2,4250.0,1,1,キスマイフットツー
美 少年 少年忍者 パパママ一番 裸の少年 夏祭り!,2019-07-20,2019-07-19,1,1,0,20000,1,20000.0,1,1,ジャニーズJr
美 少年 少年忍者 パパママ一番 裸の少年 夏祭り!,2019-07-19,2019-07-15,4,1,1,17000,2,8500.0,1,1,ジャニーズJr
Sexy Zone セクシーゾーン LIVE TOUR 2019 PAGES,2019-05-25,2019-05-21,4,1,1,41000,2,20500.0,0,0,セクシーゾーン
NEWS ニュース LIVE TOUR 2019 WORLDISTA,2019-05-25,2019-05-24,1,1,0,6000,2,3000.0,0,0,NEWS
Kis-My-Ft2 キスマイフットツー LIVE TOUR 2019 FREE HUGS!,2019-06-15,2019-06-11,4,1,0,19000,1,19000.0,0,0,キスマイフットツー
HiHi Jets ジャニーズ銀座2019 Tokyo Experience,2019-05-22,2019-05-21,1,1,1,75000,1,75000.0,0,0,ジャニーズJr
美 少年 少年忍者 パパママ一番 裸の少年 夏祭り!,2019-07-18,2019-07-12,6,1,0,150000,1,150000.0,1,1,ジャニーズJr
Kis-My-Ft2 キスマイフットツー LIVE TOUR 2019 FREE HUGS!,2019-06-15,2019-06-15,0,1,0,28000,2,14000.0,1,1,キスマイフットツー
美 少年 少年忍者 パパママ一番 裸の少年 夏祭り!,2019-07-31,2019-07-30,1,1,0,58000,1,58000.0,1,1,ジャニーズJr
HiHi Jets ７ MEN 侍 パパママ一番 裸の少年 夏祭り!,2019-08-13,2019-08-11,2,1,0,15000,2,7500.0,1,1,ジャニーズJr
NEWS ニュース LIVE TOUR 2019 WORLDISTA,2019-05-18,2019-05-18,0,1,1,34000,4,8500.0,0,0,NEWS
美 少年 少年忍者 パパママ一番 裸の少年 夏祭り!,2019-07-18,2019-07-13,5,1,1,13000,1,13000.0,1,1,ジャニーズJr
Kis-My-Ft2 キスマイフットツー LIVE TOUR 2019 FREE HUGS!,2019-07-12,2019-07-02,10,1,1,45000,4,11250.0,1,1,キスマイフットツー
舞台 マラソン,2019-06-06,2019-06-01,5,1,1,8000,2,4000.0,0,0,ジャニーズJr
Kis-My-Ft2 キスマイフットツー LIVE TOUR 2019 FREE HUGS!,2019-07-12,2019-07-07,5,1,0,15000,2,7500.0,1,1,キスマイフットツー
映画 パラレルワールド・ラブストーリー 4大都市舞台挨拶,2019-06-14,2019-06-12,2,1,1,19500,1,19500.0,0,0,キスマイフットツー
美 少年 少年忍者 パパママ一番 裸の少年 夏祭り!,2019-07-24,2019-07-22,2,1,0,18500,2,9250.0,1,1,ジャニーズJr
HiHi Jets ジャニーズ銀座2019 Tokyo Experience,2019-05-22,2019-05-17,5,1,1,130000,1,130000.0,0,0,ジャニーズJr
美 少年 少年忍者 パパママ一番 裸の少年 夏祭り!,2019-08-02,2019-08-02,0,1,0,42500,1,42500.0,1,1,ジャニーズJr
HAMLET ハムレット,2019-09-09,2019-07-30,41,1,1,40000,1,40000.0,1,1,セクシーゾーン
HiHi Jets ７ MEN 侍 パパママ一番 裸の少年 夏祭り!,2019-08-13,2019-08-11,2,1,0,21000,1,21000.0,1,1,ジャニーズJr
美 少年 少年忍者 パパママ一番 裸の少年 夏祭り!,2019-07-24,2019-07-23,1,1,1,19000,1,19000.0,1,1,ジャニーズJr
美 少年 少年忍者 パパママ一番 裸の少年 夏祭り!,2019-08-02,2019-08-02,0,1,0,27800,1,27800.0,1,1,ジャニーズJr
美 少年 少年忍者 パパママ一番 裸の少年 夏祭り!,2019-07-30,2019-07-29,1,1,0,18000,1,18000.0,1,1,ジャニーズJr
Kis-My-Ft2 キスマイフットツー LIVE TOUR 2019 FREE HUGS!,2019-06-15,2019-06-12,3,1,1,26000,2,13000.0,0,0,キスマイフットツー
HiHi Jets ジャニーズ銀座2019 Tokyo Experience,2019-05-22,2019-05-21,1,1,1,90000,1,90000.0,0,0,ジャニーズJr
映画 パラレルワールド・ラブストーリー 4大都市舞台挨拶,2019-06-10,2019-06-08,2,1,1,23500,2,11750.0,0,0,キスマイフットツー
Kis-My-Ft2 キスマイフットツー LIVE TOUR 2019 FREE HUGS!,2019-06-15,2019-06-14,1,1,0,28000,2,14000.0,1,1,キスマイフットツー
ジャニーズJr. ジャニーズ IsLAND Festival,2019-05-25,2019-05-21,4,1,0,32000,2,16000.0,0,0,ジャニーズJr
Kis-My-Ft2 キスマイフットツー LIVE TOUR 2019 FREE HUGS!,2019-06-15,2019-06-11,4,1,1,27000,2,13500.0,0,0,キスマイフットツー
美 少年 少年忍者 パパママ一番 裸の少年 夏祭り!,2019-07-24,2019-07-23,1,1,1,16500,1,16500.0,1,1,ジャニーズJr
Kis-My-Ft2 キスマイフットツー LIVE TOUR 2019 FREE HUGS!,2019-06-16,2019-06-16,0,1,0,12000,2,6000.0,1,1,キスマイフットツー
美 少年 少年忍者 パパママ一番 裸の少年 夏祭り!,2019-07-18,2019-07-13,5,1,1,21999,2,10999.5,1,1,ジャニーズJr
Kis-My-Ft2 キスマイフットツー LIVE TOUR 2019 FREE HUGS!,2019-07-12,2019-06-29,13,1,1,42000,4,10500.0,1,1,キスマイフットツー
美 少年 少年忍者 パパママ一番 裸の少年 夏祭り!,2019-07-22,2019-07-21,1,1,0,17000,1,17000.0,1,1,ジャニーズJr
美 少年 少年忍者 パパママ一番 裸の少年 夏祭り!,2019-08-01,2019-07-30,2,1,1,34000,1,34000.0,1,1,ジャニーズJr
Sexy Zone セクシーゾーン LIVE TOUR 2019 PAGES,2019-05-19,2019-05-19,0,1,0,31000,2,15500.0,0,0,セクシーゾーン
HiHi Jets ジャニーズ銀座2019 Tokyo Experience,2019-05-22,2019-05-22,0,1,0,300000,1,300000.0,0,0,ジャニーズJr
映画 パラレルワールド・ラブストーリー 4大都市舞台挨拶,2019-06-10,2019-06-10,0,1,0,55000,1,55000.0,0,0,キスマイフットツー
美 少年 少年忍者 パパママ一番 裸の少年 夏祭り!,2019-07-19,2019-07-15,4,1,1,7500,2,3750.0,1,1,ジャニーズJr
美 少年 少年忍者 パパママ一番 裸の少年 夏祭り!,2019-07-18,2019-07-07,11,1,1,25000,1,25000.0,1,1,ジャニーズJr
美 少年 少年忍者 パパママ一番 裸の少年 夏祭り!,2019-07-24,2019-07-23,1,1,0,13000,2,6500.0,1,1,ジャニーズJr
Kis-My-Ft2 キスマイフットツー LIVE TOUR 2019 FREE HUGS!,2019-07-12,2019-07-05,7,1,0,25000,2,12500.0,1,1,キスマイフットツー
美 少年 少年忍者 パパママ一番 裸の少年 夏祭り!,2019-07-18,2019-07-15,3,1,0,200000,2,100000.0,1,1,ジャニーズJr
Kis-My-Ft2 キスマイフットツー LIVE TOUR 2019 FREE HUGS!,2019-06-15,2019-06-13,2,1,0,26000,1,26000.0,0,0,キスマイフットツー
美 少年 少年忍者 パパママ一番 裸の少年 夏祭り!,2019-07-18,2019-06-20,28,1,1,35000,2,17500.0,1,1,ジャニーズJr
HiHi Jets ７ MEN 侍 パパママ一番 裸の少年 夏祭り!,2019-08-05,2019-08-05,0,1,0,25000,2,12500.0,1,1,ジャニーズJr
美 少年 少年忍者 パパママ一番 裸の少年 夏祭り!,2019-07-19,2019-07-05,14,1,1,12000,1,12000.0,1,1,ジャニーズJr
美 少年 少年忍者 パパママ一番 裸の少年 夏祭り!,2019-08-02,2019-07-31,2,1,0,24000,1,24000.0,1,1,ジャニーズJr
美 少年 少年忍者 パパママ一番 裸の少年 夏祭り!,2019-08-02,2019-08-01,1,1,0,113000,1,113000.0,1,1,ジャニーズJr
Kis-My-Ft2 キスマイフットツー LIVE TOUR 2019 FREE HUGS!,2019-06-15,2019-06-02,13,1,1,29000,1,29000.0,0,0,キスマイフットツー
ジャニーズJr. ジャニーズ IsLAND Festival,2019-05-25,2019-05-24,1,1,0,38000,1,38000.0,0,0,ジャニーズJr
映画 パラレルワールド・ラブストーリー 4大都市舞台挨拶,2019-06-10,2019-06-08,2,1,1,13000,1,13000.0,0,0,キスマイフットツー
NEWS ニュース LIVE TOUR 2019 WORLDISTA,2019-05-25,2019-05-24,1,1,0,4900,2,2450.0,0,0,NEWS
Kis-My-Ft2 キスマイフットツー LIVE TOUR 2019 FREE HUGS!,2019-06-22,2019-06-21,1,1,0,23000,2,11500.0,1,1,キスマイフットツー
ミュージカル ドン・ジュアン,2019-08-30,2019-08-11,19,1,1,23000,2,11500.0,1,1,キスマイフットツー
美 少年 少年忍者 パパママ一番 裸の少年 夏祭り!,2019-08-02,2019-08-02,0,1,0,49000,1,49000.0,1,1,ジャニーズJr
映画 パラレルワールド・ラブストーリー 4大都市舞台挨拶,2019-06-14,2019-06-14,0,1,0,70000,1,70000.0,1,1,キスマイフットツー
音楽劇 トムとジェリー 夢よもう一度,2019-08-03,2019-08-03,0,1,1,8000,1,8000.0,1,1,ジャニーズJr
美 少年 少年忍者 パパママ一番 裸の少年 夏祭り!,2019-07-18,2019-06-29,19,1,0,20000,1,20000.0,1,1,ジャニーズJr
Kis-My-Ft2 キスマイフットツー LIVE TOUR 2019 FREE HUGS!,2019-06-22,2019-06-22,0,1,0,16000,2,8000.0,1,1,キスマイフットツー
美 少年 少年忍者 パパママ一番 裸の少年 夏祭り!,2019-08-01,2019-07-31,1,1,1,29000,1,29000.0,1,1,ジャニーズJr
HAMLET ハムレット,2019-09-08,2019-06-18,82,1,1,70000,1,70000.0,1,1,セクシーゾーン
ジャニーズJr. 8・8祭り 東京ドームから始まる,2019-08-08,2019-08-08,0,1,0,23000,2,11500.0,1,1,ジャニーズJr
映画 パラレルワールド・ラブストーリー 4大都市舞台挨拶,2019-06-08,2019-06-05,3,1,0,3500,2,1750.0,0,0,キスマイフットツー
映画 パラレルワールド・ラブストーリー 4大都市舞台挨拶,2019-06-10,2019-06-10,0,1,0,14000,1,14000.0,0,0,キスマイフットツー
音楽劇 トムとジェリー 夢よもう一度,2019-08-03,2019-08-02,1,1,1,5000,2,2500.0,1,1,ジャニーズJr
美 少年 少年忍者 パパママ一番 裸の少年 夏祭り!,2019-07-19,2019-06-28,21,1,1,20000,2,10000.0,1,1,ジャニーズJr
Sexy Zone セクシーゾーン LIVE TOUR 2019 PAGES,2019-05-18,2019-05-18,0,1,0,26000,1,26000.0,0,0,セクシーゾーン
美 少年 少年忍者 パパママ一番 裸の少年 夏祭り!,2019-07-20,2019-07-20,0,1,0,46000,1,46000.0,1,1,ジャニーズJr
美 少年 少年忍者 パパママ一番 裸の少年 夏祭り!,2019-08-02,2019-08-02,0,1,1,38000,1,38000.0,1,1,ジャニーズJr
美 少年 少年忍者 パパママ一番 裸の少年 夏祭り!,2019-07-18,2019-07-14,4,1,1,17000,1,17000.0,1,1,ジャニーズJr
美 少年 少年忍者 パパママ一番 裸の少年 夏祭り!,2019-07-21,2019-07-20,1,1,0,13000,1,13000.0,1,1,ジャニーズJr
ミュージカル ドン・ジュアン,2019-09-02,2019-08-10,23,1,1,25000,2,12500.0,1,1,キスマイフットツー
映画 パラレルワールド・ラブストーリー 4大都市舞台挨拶,2019-06-08,2019-06-05,3,1,0,2300,2,1150.0,0,0,キスマイフットツー
美 少年 少年忍者 パパママ一番 裸の少年 夏祭り!,2019-07-18,2019-07-05,13,1,1,27000,1,27000.0,1,1,ジャニーズJr
美 少年 少年忍者 パパママ一番 裸の少年 夏祭り!,2019-08-02,2019-08-02,0,1,0,80000,1,80000.0,1,1,ジャニーズJr
Kis-My-Ft2 キスマイフットツー LIVE TOUR 2019 FREE HUGS!,2019-07-13,2019-07-13,0,1,0,21000,1,21000.0,1,1,キスマイフットツー
HiHi Jets ７ MEN 侍 パパママ一番 裸の少年 夏祭り!,2019-08-12,2019-08-11,1,1,1,32000,2,16000.0,1,1,ジャニーズJr
美 少年 少年忍者 パパママ一番 裸の少年 夏祭り!,2019-07-18,2019-07-13,5,1,0,200000,2,100000.0,1,1,ジャニーズJr
Kis-My-Ft2 キスマイフットツー LIVE TOUR 2019 FREE HUGS!,2019-06-23,2019-06-17,6,1,1,7900,2,3950.0,1,1,キスマイフットツー
美 少年 少年忍者 パパママ一番 裸の少年 夏祭り!,2019-07-24,2019-07-23,1,1,0,17000,1,17000.0,1,1,ジャニーズJr
ミュージカル ドン・ジュアン,2019-08-31,2019-07-31,31,1,1,44999,1,44999.0,1,1,キスマイフットツー
美 少年 少年忍者 パパママ一番 裸の少年 夏祭り!,2019-07-18,2019-07-13,5,1,1,22000,2,11000.0,1,1,ジャニーズJr
HiHi Jets ７ MEN 侍 パパママ一番 裸の少年 夏祭り!,2019-08-10,2019-08-10,0,1,0,16000,1,16000.0,1,1,ジャニーズJr
Kis-My-Ft2 キスマイフットツー LIVE TOUR 2019 FREE HUGS!,2019-06-15,2019-06-12,3,1,0,18000,2,9000.0,0,0,キスマイフットツー
Kis-My-Ft2 キスマイフットツー LIVE TOUR 2019 FREE HUGS!,2019-06-23,2019-06-21,2,1,0,7500,2,3750.0,1,1,キスマイフットツー
美 少年 少年忍者 パパママ一番 裸の少年 夏祭り!,2019-07-18,2019-07-11,7,1,1,17000,2,8500.0,1,1,ジャニーズJr
美 少年 少年忍者 パパママ一番 裸の少年 夏祭り!,2019-07-19,2019-06-21,28,1,1,20000,2,10000.0,1,1,ジャニーズJr
HiHi Jets ７ MEN 侍 パパママ一番 裸の少年 夏祭り! オープンライブ,2019-07-20,2019-06-29,21,1,1,23000,2,11500.0,1,1,ジャニーズJr
美 少年 少年忍者 パパママ一番 裸の少年 夏祭り!,2019-07-19,2019-07-07,12,1,0,13500,2,6750.0,1,1,ジャニーズJr
NEWS ニュース LIVE TOUR 2019 WORLDISTA,2019-05-26,2019-05-25,1,1,0,12500,1,12500.0,0,0,NEWS
舞台 マラソン,2019-06-11,2019-06-10,1,1,0,9500,2,4750.0,0,0,ジャニーズJr
ジャニーズJr. ジャニーズ IsLAND Festival,2019-05-25,2019-05-23,2,1,0,37000,2,18500.0,0,0,ジャニーズJr
映画 パラレルワールド・ラブストーリー 4大都市舞台挨拶,2019-06-14,2019-06-09,5,1,1,25000,1,25000.0,0,0,キスマイフットツー
Kis-My-Ft2 キスマイフットツー LIVE TOUR 2019 FREE HUGS!,2019-07-12,2019-07-01,11,1,0,40000,2,20000.0,1,1,キスマイフットツー
ミュージカル ドン・ジュアン,2019-08-31,2019-08-10,21,1,1,38000,1,38000.0,1,1,キスマイフットツー
映画 パラレルワールド・ラブストーリー 4大都市舞台挨拶,2019-06-10,2019-06-07,3,1,1,8000,2,4000.0,0,0,キスマイフットツー
Kis-My-Ft2 キスマイフットツー LIVE TOUR 2019 FREE HUGS!,2019-06-15,2019-06-03,12,1,0,30000,2,15000.0,0,0,キスマイフットツー
Kis-My-Ft2 キスマイフットツー LIVE TOUR 2019 FREE HUGS!,2019-07-12,2019-07-03,9,1,1,25000,1,25000.0,1,1,キスマイフットツー
HiHi Jets ジャニーズ銀座2019 Tokyo Experience,2019-05-26,2019-05-25,1,1,0,108000,1,108000.0,0,0,ジャニーズJr
HiHi Jets ７ MEN 侍 パパママ一番 裸の少年 夏祭り!,2019-08-05,2019-08-05,0,1,0,13000,2,6500.0,1,1,ジャニーズJr
Kis-My-Ft2 キスマイフットツー LIVE TOUR 2019 FREE HUGS!,2019-07-12,2019-07-01,11,1,1,35000,1,35000.0,1,1,キスマイフットツー
美 少年 少年忍者 パパママ一番 裸の少年 夏祭り!,2019-07-19,2019-07-15,4,1,1,17500,1,17500.0,1,1,ジャニーズJr
HiHi Jets ジャニーズ銀座2019 Tokyo Experience,2019-05-22,2019-05-16,6,1,0,65000,1,65000.0,0,0,ジャニーズJr
美 少年 少年忍者 パパママ一番 裸の少年 夏祭り!,2019-07-19,2019-07-14,5,1,1,12000,2,6000.0,1,1,ジャニーズJr
NEWS ニュース LIVE TOUR 2019 WORLDISTA,2019-05-25,2019-05-25,0,1,1,9000,2,4500.0,0,0,NEWS
美 少年 少年忍者 パパママ一番 裸の少年 夏祭り!,2019-08-01,2019-07-31,1,1,0,36000,2,18000.0,1,1,ジャニーズJr
美 少年 少年忍者 パパママ一番 裸の少年 夏祭り!,2019-07-22,2019-07-21,1,1,0,12000,2,6000.0,1,1,ジャニーズJr
Kis-My-Ft2 キスマイフットツー LIVE TOUR 2019 FREE HUGS!,2019-07-12,2019-07-06,6,1,0,21000,1,21000.0,1,1,キスマイフットツー
美 少年 少年忍者 パパママ一番 裸の少年 夏祭り!,2019-08-02,2019-08-01,1,1,1,27000,1,27000.0,1,1,ジャニーズJr
Kis-My-Ft2 キスマイフットツー LIVE TOUR 2019 FREE HUGS!,2019-06-22,2019-06-20,2,1,0,14800,2,7400.0,1,1,キスマイフットツー
Kis-My-Ft2 キスマイフットツー LIVE TOUR 2019 FREE HUGS!,2019-07-12,2019-07-08,4,1,1,18000,4,4500.0,1,1,キスマイフットツー
映画 パラレルワールド・ラブストーリー 4大都市舞台挨拶,2019-06-10,2019-06-06,4,1,1,40000,1,40000.0,0,0,キスマイフットツー
HiHi Jets ７ MEN 侍 パパママ一番 裸の少年 夏祭り!,2019-08-06,2019-08-04,2,1,1,50000,1,50000.0,1,1,ジャニーズJr
美 少年 少年忍者 パパママ一番 裸の少年 夏祭り!,2019-07-31,2019-07-28,3,1,0,25000,1,25000.0,1,1,ジャニーズJr
美 少年 少年忍者 パパママ一番 裸の少年 夏祭り!,2019-08-01,2019-07-28,4,1,0,30000,2,15000.0,1,1,ジャニーズJr
Kis-My-Ft2 キスマイフットツー LIVE TOUR 2019 FREE HUGS!,2019-06-15,2019-06-13,2,1,0,27000,1,27000.0,0,0,キスマイフットツー
美 少年 少年忍者 パパママ一番 裸の少年 夏祭り!,2019-08-01,2019-07-30,2,1,1,40000,1,40000.0,1,1,ジャニーズJr
Kis-My-Ft2 キスマイフットツー LIVE TOUR 2019 FREE HUGS!,2019-06-15,2019-06-15,0,1,0,7500,2,3750.0,1,1,キスマイフットツー
7 MEN 侍 ジャニーズ銀座2019 Tokyo Experience,2019-05-31,2019-05-30,1,1,0,57800,1,57800.0,0,0,ジャニーズJr
HiHi Jets ７ MEN 侍 パパママ一番 裸の少年 夏祭り!,2019-08-06,2019-08-05,1,1,0,20000,1,20000.0,1,1,ジャニーズJr
美 少年 少年忍者 パパママ一番 裸の少年 夏祭り!,2019-07-19,2019-07-14,5,1,1,8000,1,8000.0,1,1,ジャニーズJr
美 少年 少年忍者 パパママ一番 裸の少年 夏祭り!,2019-07-18,2019-07-05,13,1,1,27000,1,27000.0,1,1,ジャニーズJr
美 少年 少年忍者 パパママ一番 裸の少年 夏祭り!,2019-07-29,2019-07-28,1,1,0,27500,1,27500.0,1,1,ジャニーズJr
美 少年 少年忍者 パパママ一番 裸の少年 夏祭り!,2019-08-01,2019-08-01,0,1,1,33000,2,16500.0,1,1,ジャニーズJr
HAMLET ハムレット,2019-10-04,2019-06-07,119,1,1,40000,2,20000.0,0,0,セクシーゾーン
舞台 マラソン,2019-06-09,2019-06-03,6,1,1,11000,2,5500.0,0,0,ジャニーズJr
HiHi Jets ジャニーズ銀座2019 Tokyo Experience,2019-05-17,2019-05-16,1,1,0,150000,1,150000.0,0,0,ジャニーズJr
美 少年 少年忍者 パパママ一番 裸の少年 夏祭り!,2019-08-02,2019-08-02,0,1,1,285000,1,285000.0,1,1,ジャニーズJr
美 少年 少年忍者 パパママ一番 裸の少年 夏祭り!,2019-07-18,2019-07-02,16,1,1,110000,2,55000.0,1,1,ジャニーズJr
7 MEN 侍 ジャニーズ銀座2019 Tokyo Experience,2019-05-29,2019-05-27,2,1,1,210000,1,210000.0,0,0,ジャニーズJr
美 少年 少年忍者 パパママ一番 裸の少年 夏祭り!,2019-07-30,2019-07-28,2,1,0,32000,1,32000.0,1,1,ジャニーズJr
Kis-My-Ft2 キスマイフットツー LIVE TOUR 2019 FREE HUGS!,2019-06-15,2019-06-03,12,1,0,30000,2,15000.0,0,0,キスマイフットツー
ジャニーズJr. ジャニーズ IsLAND Festival,2019-05-26,2019-05-26,0,1,1,80000,1,80000.0,0,0,ジャニーズJr
Kis-My-Ft2 キスマイフットツー LIVE TOUR 2019 FREE HUGS!,2019-07-13,2019-06-26,17,1,1,38000,2,19000.0,1,1,キスマイフットツー
HAMLET ハムレット,2019-09-24,2019-06-12,104,1,1,47000,2,23500.0,0,0,セクシーゾーン
美 少年 少年忍者 パパママ一番 裸の少年 夏祭り!,2019-07-18,2019-07-16,2,1,0,12800,1,12800.0,1,1,ジャニーズJr
美 少年 少年忍者 パパママ一番 裸の少年 夏祭り!,2019-07-18,2019-07-18,0,1,0,45000,1,45000.0,1,1,ジャニーズJr
山田ジャパン HEY！ポール！,2019-07-18,2019-07-16,2,1,1,5000,2,2500.0,1,1,ジャニーズJr
Kis-My-Ft2 キスマイフットツー LIVE TOUR 2019 FREE HUGS!,2019-06-15,2019-06-14,1,1,0,18000,1,18000.0,1,1,キスマイフットツー
ミュージカル ドン・ジュアン,2019-09-02,2019-07-30,34,1,1,40000,1,40000.0,1,1,キスマイフットツー
Kis-My-Ft2 キスマイフットツー LIVE TOUR 2019 FREE HUGS!,2019-07-13,2019-07-05,8,1,0,8500,2,4250.0,1,1,キスマイフットツー
映画 パラレルワールド・ラブストーリー 4大都市舞台挨拶,2019-06-10,2019-06-09,1,1,1,12000,2,6000.0,0,0,キスマイフットツー
美 少年 少年忍者 パパママ一番 裸の少年 夏祭り!,2019-07-26,2019-07-25,1,1,0,86000,1,86000.0,1,1,ジャニーズJr
美 少年 少年忍者 パパママ一番 裸の少年 夏祭り!,2019-07-18,2019-07-03,15,1,1,35000,2,17500.0,1,1,ジャニーズJr
Kis-My-Ft2 キスマイフットツー LIVE TOUR 2019 FREE HUGS!,2019-07-12,2019-07-06,6,1,1,28000,2,14000.0,1,1,キスマイフットツー
NEWS ニュース LIVE TOUR 2019 WORLDISTA,2019-05-25,2019-05-21,4,1,1,9200,1,9200.0,0,0,NEWS
HiHi Jets ７ MEN 侍 パパママ一番 裸の少年 夏祭り!,2019-08-12,2019-08-11,1,1,1,35000,1,35000.0,1,1,ジャニーズJr
舞台 マラソン,2019-06-04,2019-06-01,3,1,1,5500,1,5500.0,0,0,ジャニーズJr
美 少年 少年忍者 パパママ一番 裸の少年 夏祭り!,2019-08-01,2019-07-30,2,1,0,30000,2,15000.0,1,1,ジャニーズJr
美 少年 少年忍者 パパママ一番 裸の少年 夏祭り!,2019-07-30,2019-07-29,1,1,0,35000,2,17500.0,1,1,ジャニーズJr
ジャニーズJr. ジャニーズ IsLAND Festival,2019-05-25,2019-05-22,3,1,0,33000,2,16500.0,0,0,ジャニーズJr
ジャニーズJr. 8・8祭り 東京ドームから始まる,2019-08-08,2019-08-07,1,1,1,25000,1,25000.0,1,1,ジャニーズJr
舞台 マラソン,2019-06-14,2019-06-06,8,1,1,15500,1,15500.0,0,0,ジャニーズJr
舞台 マラソン,2019-06-14,2019-06-04,10,1,1,15000,1,15000.0,0,0,ジャニーズJr
Kis-My-Ft2 キスマイフットツー LIVE TOUR 2019 FREE HUGS!,2019-07-12,2019-07-01,11,1,1,23000,2,11500.0,1,1,キスマイフットツー
HAMLET ハムレット,2019-10-13,2019-06-29,106,1,1,37000,1,37000.0,1,1,セクシーゾーン
美 少年 少年忍者 パパママ一番 裸の少年 夏祭り!,2019-07-19,2019-06-21,28,1,1,19000,2,9500.0,1,1,ジャニーズJr
HiHi Jets ジャニーズ銀座2019 Tokyo Experience,2019-05-25,2019-05-19,6,1,0,80000,2,40000.0,0,0,ジャニーズJr
HiHi Jets ７ MEN 侍 パパママ一番 裸の少年 夏祭り! オープンライブ,2019-07-20,2019-07-02,18,1,1,29800,2,14900.0,1,1,ジャニーズJr
HiHi Jets ジャニーズ銀座2019 Tokyo Experience,2019-05-21,2019-05-17,4,1,1,170000,2,85000.0,0,0,ジャニーズJr
HiHi Jets ジャニーズ銀座2019 Tokyo Experience,2019-05-25,2019-05-19,6,1,1,120000,1,120000.0,0,0,ジャニーズJr
美 少年 少年忍者 パパママ一番 裸の少年 夏祭り!,2019-07-20,2019-07-20,0,1,0,25000,1,25000.0,1,1,ジャニーズJr
7 MEN 侍 ジャニーズ銀座2019 Tokyo Experience,2019-06-01,2019-05-30,2,1,1,50000,1,50000.0,0,0,ジャニーズJr
HAMLET ハムレット,2019-09-08,2019-07-18,52,1,1,115000,1,115000.0,1,1,セクシーゾーン
HiHi Jets ７ MEN 侍 パパママ一番 裸の少年 夏祭り! オープンライブ,2019-07-20,2019-06-24,26,1,1,17000,2,8500.0,1,1,ジャニーズJr
ザ少年倶楽部（少クラ）,2019-05-20,2019-05-20,0,1,0,60000,1,60000.0,0,0,ジャニーズJr
ジャニーズJr. ジャニーズ IsLAND Festival,2019-05-25,2019-05-23,2,1,0,32000,1,32000.0,0,0,ジャニーズJr
Kis-My-Ft2 キスマイフットツー LIVE TOUR 2019 FREE HUGS!,2019-07-12,2019-07-06,6,1,1,40000,1,40000.0,1,1,キスマイフットツー
美 少年 少年忍者 パパママ一番 裸の少年 夏祭り!,2019-07-19,2019-07-13,6,1,0,7500,2,3750.0,1,1,ジャニーズJr
Kis-My-Ft2 キスマイフットツー LIVE TOUR 2019 FREE HUGS!,2019-06-15,2019-06-13,2,1,1,30000,1,30000.0,0,0,キスマイフットツー
NEWS ニュース LIVE TOUR 2019 WORLDISTA,2019-05-25,2019-05-25,0,1,1,5000,1,5000.0,0,0,NEWS
ミュージカル ドン・ジュアン,2019-09-03,2019-08-08,26,1,1,34500,2,17250.0,1,1,キスマイフットツー
美 少年 少年忍者 パパママ一番 裸の少年 夏祭り!,2019-07-19,2019-07-06,13,1,1,50000,2,25000.0,1,1,ジャニーズJr
美 少年 少年忍者 パパママ一番 裸の少年 夏祭り!,2019-07-19,2019-07-12,7,1,0,8000,1,8000.0,1,1,ジャニーズJr
ミュージカル ドン・ジュアン,2019-08-30,2019-08-11,19,1,1,34000,1,34000.0,1,1,キスマイフットツー
ジャニーズJr. ジャニーズ IsLAND Festival,2019-05-26,2019-05-25,1,1,0,35000,2,17500.0,0,0,ジャニーズJr
Sexy Zone セクシーゾーン LIVE TOUR 2019 PAGES,2019-05-25,2019-05-25,0,1,0,22000,2,11000.0,0,0,セクシーゾーン
美 少年 少年忍者 パパママ一番 裸の少年 夏祭り!,2019-07-18,2019-07-11,7,1,1,20000,2,10000.0,1,1,ジャニーズJr
ジャニーズJr. ジャニーズ IsLAND Festival,2019-05-25,2019-05-24,1,1,0,38000,2,19000.0,0,0,ジャニーズJr
映画 パラレルワールド・ラブストーリー 4大都市舞台挨拶,2019-06-10,2019-06-08,2,1,0,15000,1,15000.0,0,0,キスマイフットツー
美 少年 少年忍者 パパママ一番 裸の少年 夏祭り!,2019-07-18,2019-06-16,32,1,1,80000,4,20000.0,1,1,ジャニーズJr
HAMLET ハムレット,2019-10-01,2019-06-16,107,1,1,45000,1,45000.0,1,1,セクシーゾーン
HAMLET ハムレット,2019-09-28,2019-07-30,60,1,0,35000,2,17500.0,1,1,セクシーゾーン
Kis-My-Ft2 キスマイフットツー LIVE TOUR 2019 FREE HUGS!,2019-07-13,2019-06-26,17,1,0,27000,2,13500.0,1,1,キスマイフットツー
ジャニーズJr. 8・8祭り 東京ドームから始まる,2019-08-08,2019-08-08,0,1,0,23000,1,23000.0,1,1,ジャニーズJr
美 少年 少年忍者 パパママ一番 裸の少年 夏祭り!,2019-07-18,2019-07-14,4,1,0,30000,1,30000.0,1,1,ジャニーズJr
Kis-My-Ft2 キスマイフットツー LIVE TOUR 2019 FREE HUGS!,2019-07-12,2019-07-08,4,1,1,18000,2,9000.0,1,1,キスマイフットツー
Kis-My-Ft2 キスマイフットツー LIVE TOUR 2019 FREE HUGS!,2019-06-15,2019-06-13,2,1,0,18000,1,18000.0,0,0,キスマイフットツー
山田ジャパン HEY！ポール！,2019-07-18,2019-07-18,0,1,0,15000,1,15000.0,1,1,ジャニーズJr
山田ジャパン HEY！ポール！,2019-07-18,2019-07-14,4,1,1,9500,2,4750.0,1,1,ジャニーズJr
NEWS ニュース LIVE TOUR 2019 WORLDISTA,2019-05-18,2019-05-18,0,1,1,33000,2,16500.0,0,0,NEWS
美 少年 少年忍者 パパママ一番 裸の少年 夏祭り!,2019-07-20,2019-07-20,0,1,0,18000,2,9000.0,1,1,ジャニーズJr
HiHi Jets ７ MEN 侍 パパママ一番 裸の少年 夏祭り!,2019-08-10,2019-08-10,0,1,0,16000,1,16000.0,1,1,ジャニーズJr
Kis-My-Ft2 キスマイフットツー LIVE TOUR 2019 FREE HUGS!,2019-07-12,2019-07-10,2,1,0,16000,2,8000.0,1,1,キスマイフットツー
山田ジャパン HEY！ポール！,2019-07-18,2019-07-18,0,1,1,8500,1,8500.0,1,1,ジャニーズJr
山田ジャパン HEY！ポール！,2019-07-19,2019-06-27,22,1,1,9000,1,9000.0,1,1,ジャニーズJr
Sexy Zone セクシーゾーン LIVE TOUR 2019 PAGES,2019-05-25,2019-05-23,2,1,0,22000,2,11000.0,0,0,セクシーゾーン
美 少年 少年忍者 パパママ一番 裸の少年 夏祭り!,2019-07-19,2019-07-17,2,1,1,18000,1,18000.0,1,1,ジャニーズJr
Sexy Zone セクシーゾーン LIVE TOUR 2019 PAGES,2019-05-19,2019-05-19,0,1,0,28500,2,14250.0,0,0,セクシーゾーン
美 少年 少年忍者 パパママ一番 裸の少年 夏祭り!,2019-07-18,2019-06-30,18,1,1,29000,1,29000.0,1,1,ジャニーズJr
Kis-My-Ft2 キスマイフットツー LIVE TOUR 2019 FREE HUGS!,2019-07-12,2019-07-10,2,1,0,15000,2,7500.0,1,1,キスマイフットツー
HiHi Jets ジャニーズ銀座2019 Tokyo Experience,2019-05-24,2019-05-19,5,1,1,150000,1,150000.0,0,0,ジャニーズJr
ジャニーズJr. 8・8祭り 東京ドームから始まる,2019-08-08,2019-08-08,0,1,0,22500,2,11250.0,1,1,ジャニーズJr
美 少年 少年忍者 パパママ一番 裸の少年 夏祭り!,2019-07-18,2019-07-02,16,1,1,21000,2,10500.0,1,1,ジャニーズJr
美 少年 少年忍者 パパママ一番 裸の少年 夏祭り!,2019-07-18,2019-07-14,4,1,1,29999,2,14999.5,1,1,ジャニーズJr
美 少年 少年忍者 パパママ一番 裸の少年 夏祭り!,2019-07-19,2019-06-14,35,1,1,48000,1,48000.0,1,1,ジャニーズJr
美 少年 少年忍者 パパママ一番 裸の少年 夏祭り!,2019-07-22,2019-07-21,1,1,1,15000,1,15000.0,1,1,ジャニーズJr
NEWS ニュース LIVE TOUR 2019 WORLDISTA,2019-05-25,2019-05-21,4,1,1,12000,2,6000.0,0,0,NEWS
美 少年 少年忍者 パパママ一番 裸の少年 夏祭り!,2019-07-26,2019-07-25,1,1,0,15500,1,15500.0,1,1,ジャニーズJr
美 少年 少年忍者 パパママ一番 裸の少年 夏祭り!,2019-07-20,2019-07-19,1,1,1,33000,1,33000.0,1,1,ジャニーズJr
ミュージカル ドン・ジュアン,2019-08-31,2019-08-02,29,1,0,32000,1,32000.0,1,1,キスマイフットツー
ジャニーズJr. ジャニーズ IsLAND Festival,2019-05-25,2019-05-23,2,1,0,35000,2,17500.0,0,0,ジャニーズJr
ミュージカル ドン・ジュアン,2019-08-31,2019-08-07,24,1,1,140000,1,140000.0,1,1,キスマイフットツー
美 少年 少年忍者 パパママ一番 裸の少年 夏祭り!,2019-07-18,2019-07-10,8,1,1,90000,1,90000.0,1,1,ジャニーズJr
NEWS ニュース LIVE TOUR 2019 WORLDISTA,2019-05-18,2019-05-17,1,1,1,29000,4,7250.0,0,0,NEWS
美 少年 少年忍者 パパママ一番 裸の少年 夏祭り!,2019-07-19,2019-07-16,3,1,1,18000,1,18000.0,1,1,ジャニーズJr
美 少年 少年忍者 パパママ一番 裸の少年 夏祭り!,2019-08-02,2019-08-02,0,1,0,80000,1,80000.0,1,1,ジャニーズJr
7 MEN 侍 ジャニーズ銀座2019 Tokyo Experience,2019-06-02,2019-06-01,1,1,1,50000,1,50000.0,0,0,ジャニーズJr
HAMLET ハムレット,2019-09-11,2019-07-28,45,1,1,40000,2,20000.0,1,1,セクシーゾーン
ミュージカル ドン・ジュアン,2019-09-13,2019-07-14,61,1,1,45000,2,22500.0,1,1,キスマイフットツー
Kis-My-Ft2 キスマイフットツー LIVE TOUR 2019 FREE HUGS!,2019-07-12,2019-07-02,10,1,0,19000,1,19000.0,1,1,キスマイフットツー
美 少年 少年忍者 パパママ一番 裸の少年 夏祭り!,2019-08-01,2019-07-28,4,1,0,25000,2,12500.0,1,1,ジャニーズJr
音楽劇 トムとジェリー 夢よもう一度,2019-08-03,2019-08-03,0,1,1,9000,1,9000.0,1,1,ジャニーズJr
Kis-My-Ft2 キスマイフットツー LIVE TOUR 2019 FREE HUGS!,2019-06-22,2019-06-20,2,1,0,7500,1,7500.0,1,1,キスマイフットツー
山田ジャパン HEY！ポール！,2019-07-18,2019-07-17,1,1,1,50000,1,50000.0,1,1,ジャニーズJr
美 少年 少年忍者 パパママ一番 裸の少年 夏祭り!,2019-07-20,2019-07-19,1,1,0,35000,2,17500.0,1,1,ジャニーズJr
HiHi Jets ジャニーズ銀座2019 Tokyo Experience,2019-05-22,2019-05-19,3,1,1,60000,1,60000.0,0,0,ジャニーズJr
美 少年 少年忍者 パパママ一番 裸の少年 夏祭り!,2019-07-24,2019-07-24,0,1,0,17000,2,8500.0,1,1,ジャニーズJr
美 少年 少年忍者 パパママ一番 裸の少年 夏祭り!,2019-07-18,2019-06-29,19,1,1,120000,2,60000.0,1,1,ジャニーズJr
7 MEN 侍 ジャニーズ銀座2019 Tokyo Experience,2019-06-01,2019-05-30,2,1,1,82000,2,41000.0,0,0,ジャニーズJr
映画 パラレルワールド・ラブストーリー 4大都市舞台挨拶,2019-06-10,2019-06-10,0,1,1,22000,1,22000.0,0,0,キスマイフットツー
HiHi Jets ７ MEN 侍 パパママ一番 裸の少年 夏祭り! オープンライブ,2019-07-20,2019-07-03,17,1,1,21500,1,21500.0,1,1,ジャニーズJr
美 少年 少年忍者 パパママ一番 裸の少年 夏祭り!,2019-07-18,2019-06-20,28,1,1,80000,4,20000.0,1,1,ジャニーズJr
NEWS ニュース LIVE TOUR 2019 WORLDISTA,2019-05-25,2019-05-20,5,1,1,14000,2,7000.0,0,0,NEWS
美 少年 少年忍者 パパママ一番 裸の少年 夏祭り!,2019-07-24,2019-07-23,1,1,1,16500,1,16500.0,1,1,ジャニーズJr
Kis-My-Ft2 キスマイフットツー LIVE TOUR 2019 FREE HUGS!,2019-06-22,2019-06-22,0,1,0,13500,1,13500.0,1,1,キスマイフットツー
ミュージカル ドン・ジュアン,2019-09-02,2019-08-05,28,1,1,30500,1,30500.0,1,1,キスマイフットツー
Kis-My-Ft2 キスマイフットツー LIVE TOUR 2019 FREE HUGS!,2019-06-15,2019-06-12,3,1,1,27500,2,13750.0,0,0,キスマイフットツー
HiHi Jets ７ MEN 侍 パパママ一番 裸の少年 夏祭り! オープンライブ,2019-07-20,2019-07-04,16,1,1,28000,1,28000.0,1,1,ジャニーズJr
映画 パラレルワールド・ラブストーリー 4大都市舞台挨拶,2019-06-10,2019-06-06,4,1,0,7000,1,7000.0,0,0,キスマイフットツー
美 少年 少年忍者 パパママ一番 裸の少年 夏祭り!,2019-08-01,2019-07-30,2,1,1,45000,1,45000.0,1,1,ジャニーズJr
Kis-My-Ft2 キスマイフットツー LIVE TOUR 2019 FREE HUGS!,2019-07-13,2019-07-13,0,1,0,25000,2,12500.0,1,1,キスマイフットツー
美 少年 少年忍者 パパママ一番 裸の少年 夏祭り!,2019-07-18,2019-07-10,8,1,0,22000,1,22000.0,1,1,ジャニーズJr
Sexy Zone セクシーゾーン LIVE TOUR 2019 PAGES,2019-05-19,2019-05-19,0,1,1,32800,4,8200.0,0,0,セクシーゾーン
Kis-My-Ft2 キスマイフットツー LIVE TOUR 2019 FREE HUGS!,2019-07-12,2019-07-04,8,1,1,50000,1,50000.0,1,1,キスマイフットツー
映画 パラレルワールド・ラブストーリー 4大都市舞台挨拶,2019-06-10,2019-06-09,1,1,1,15000,2,7500.0,0,0,キスマイフットツー
美 少年 少年忍者 パパママ一番 裸の少年 夏祭り!,2019-07-19,2019-07-16,3,1,1,23000,2,11500.0,1,1,ジャニーズJr
美 少年 少年忍者 パパママ一番 裸の少年 夏祭り!,2019-07-24,2019-07-24,0,1,0,65000,1,65000.0,1,1,ジャニーズJr
Kis-My-Ft2 キスマイフットツー LIVE TOUR 2019 FREE HUGS!,2019-07-12,2019-07-12,0,1,0,15000,1,15000.0,1,1,キスマイフットツー
山田ジャパン HEY！ポール！,2019-07-21,2019-07-20,1,1,1,20000,1,20000.0,1,1,ジャニーズJr
美 少年 少年忍者 パパママ一番 裸の少年 夏祭り!,2019-07-19,2019-07-15,4,1,0,10000,1,10000.0,1,1,ジャニーズJr
